15.56076285566365	6.556919528008323	9.311253440571344	11.045492087912734	17.785942233259355	3.278114165007056	12.357490976603493	18.550951967060197	3.703740004447752	3.7909187380732563	17.83557903981628	5.822132524791573	11.021082313478047	11.791762788279174	4.57346860259685	2.4130891990769054	1.6543309354123967	5.7348798499454805	7.472115932274958	2.0986139742333867	1.402423853169926	1.5174415494770608	18.436544506553247	33.20663144197156	57.98778353679186	22.554226142647657	9.700069918271119	7.903945329036792	9.74883633948884	10.172440522608968	17.979548062730608	23.48802815692382	42.93907619602426	45.24026484834611	20.991192553799305	35.25778493804896	4.572359192927566	7.27600342983456	5.245212493721833	3.3802857659421366	1.9213230254297209	7.303928406882888	2.262452221124593	4.702345055453755	16.125267040611824	17.27100192609663	7.424092456844244	11.143549668683375	9.318972003223928	11.657970339343423	8.890588796622028	4.245336328114274	3.731139809800343	15.498113168072372	4.548898983374204	1.0476644554636765	3.767523256296198	6.670005113446638	14.294596629311398	12.554402994110504	25.409364253473708	-1
5.304454484450169	1.4110013736688258	1.4280046015810417	5.4876738889015515	16.973461658116637	13.9994682009318	4.125494912796425	1.487485850264578	0.871673418361853	1.6709242774694295	3.382175100857118	3.8436098593737573	1.6192528686583003	0.8298640717115925	0.6874689810936441	0.39879739208367015	0.42630961350539787	0.9792815339677505	4.716997577497706	30.33786910452124	10.332095847731967	19.9972006545937	23.449957841954742	18.950845708888668	75.50454429838301	63.313173194421964	39.67747536194601	18.817318376372672	9.011816041648107	23.50437549364949	29.454595067520337	21.078547825494528	44.95024625908175	53.73568797021804	24.74467878341587	19.456527757204512	11.551388926864137	6.651067478751577	10.908061773877435	96.0684841402635	36.11369391287472	100.0	100.0	26.117084772440606	51.64100081321162	100.0	60.6779957019791	16.72966367325303	17.30347403298029	10.671333129574643	10.705719498525431	8.822311750793371	11.330977550269822	9.610001723653147	22.775027480285093	31.574671376503716	10.532965819570693	11.913919253526412	8.296846446440497	10.587271029740858	8.315748438781085	-1
8.64524076587296	3.3199120411782896	4.306916061468049	6.481819527879467	16.50043538405781	13.641461747555235	4.1735811087741785	3.288063438932549	1.2002617357274126	1.4241307918628645	4.054053142477528	14.259924246256844	18.864951726398544	18.18423436716589	16.633997002595365	22.80344989719067	20.08596185118366	3.1024514954700106	2.3374851918727497	8.219094495106297	3.0007137957293355	22.95841581773313	31.668477610535664	3.4217559462082416	11.648764248229286	1.383656689782037	1.538040451301016	3.2138956675565487	1.5557568783290376	0.4878546969461084	0.7641670019125608	9.943188073877572	10.706204097387344	3.988710608487489	7.664040307101637	4.189234664273501	8.140892814935961	16.756487904267278	30.54689362413921	6.238754738266912	39.199381222596806	100.0	35.57765565926184	100.0	5.216236128893264	8.472852527279917	16.098934624273024	3.277075658179428	20.22912930397956	17.956129117925865	45.0488025310619	81.13541541954851	10.903547917143277	76.58440104082057	100.0	100.0	28.980360835223536	6.793200369715546	0.9750976808330234	1.1866056191068235	12.26710879996335	-1
43.45004225313359	14.143826474746358	29.53318612165938	13.964154929291	22.027534410161714	17.52724082936612	6.078428106708164	1.9099362572848793	1.1355188350315706	2.2006523408947944	5.94296159066238	58.88431385459002	18.28548280794714	41.285406894629254	8.824673429084182	1.277425551564525	9.123784711434407	15.17657034406307	3.4654410614155333	1.3637469473025259	4.2258865158451036	4.299480125619712	0.4876404412720636	1.3199403631719424	3.6983863565216386	9.423035656049633	5.277747112977932	2.59390993726718	1.7189945320916442	5.896146265417086	5.2529960739223895	8.213453364994807	4.927901734170691	2.8138371145922387	7.377964053945755	11.910593755958264	7.6647591967032715	2.510450822129092	9.417423589446518	5.892889696567899	3.0262335467848707	13.630004520702572	13.800733196473585	5.647489222168048	13.814621795646348	38.27420805026583	100.0	85.3988790261793	22.923436347534178	12.741007212358035	2.16837204603403	11.854367190082725	51.74884334098438	100.0	21.216266931576918	18.063011504258707	38.722503018039056	31.87127863608062	8.297610909540932	2.6219094567262275	27.6550727068286	-1
3.051062496173587	22.768539021891343	34.08498622016805	17.553603582275418	10.145607330327866	2.7517344193589253	4.311221852981228	8.207733335707696	14.840756108127664	10.536768450079263	7.864177369705357	7.536315643804196	1.9625720965795315	1.91108384772658	5.847602002018087	24.000557316976987	21.329273430180553	14.720917061291642	3.5770089722971936	10.640765110651932	23.92902169043354	34.76231407756067	78.8845170783609	37.212677245252095	85.2779069879135	54.60556984442207	89.1520898562883	18.9801050978331	39.76049755182798	13.782704344175945	8.263290296167648	98.44788513324006	21.832243096080198	45.108723743853425	25.226882241130365	46.86955465800033	100.0	40.68601017465634	37.014140224253886	11.454214984170925	13.571538968001459	3.7686591408391306	20.827743659503	14.369816329832874	32.985052850397665	94.9755485992014	25.18341293392497	8.24779933996308	4.91019236842058	0.392670519839971	3.6345991815295378	9.177295456782153	30.365069174742178	54.190774965689485	22.335950916856127	25.448877651809617	35.37782295441477	13.116186426311076	7.570563346737383	17.179275295977405	100.0	-1
37.69331584428144	4.2983515043744385	1.1099187368517918	4.274834295822594	14.668017786444155	8.89306818993238	9.897422129112222	7.952553472732191	3.089506787118295	2.4343860936312844	7.122154161672383	1.6789881822950268	1.6278271392182657	16.324613451450755	18.26605175128653	2.768422719387725	9.023926411066123	4.884473847611438	15.350653866699917	11.865537754067379	7.410674391729727	7.548909109674019	6.450901215410432	8.850899581497684	10.31444915853871	26.601634764567688	34.56485200717889	68.03018656918564	22.632431269946593	15.921018592510494	100.0	28.495441161257943	47.47803649787449	36.416226512799454	15.77952734372924	12.081445469212833	26.348333331796564	63.19920722952241	100.0	100.0	65.08589435325463	25.899998023958574	4.673245579586921	5.3831305721037745	33.83483678673082	20.438798361894015	21.892920691024283	37.342437101531374	16.276647670609524	11.889125040202224	5.0348236850781865	26.989812249366512	40.461835932916365	48.131892181827396	30.167056543148032	36.6249671319369	100.0	100.0	100.0	100.0	100.0	-1
3.3726858645030076	14.506444380642156	6.35035793787461	33.35046720745365	31.692858446421578	18.539900971081224	47.71932907823349	50.01610728258567	52.106416944790936	100.0	58.93016954738377	100.0	85.30732413828221	17.755682729877865	4.3573335174837045	1.7211285363550264	2.896807102547212	7.1229884829706425	3.0499124891526974	8.486175063813754	2.863585899501001	5.181200074133172	8.140343378374526	12.365512206724713	2.5459412479433503	7.933557214766289	6.329051480829687	21.57617439234042	32.653765275336774	21.856107921603726	31.405250399714106	17.904736343470162	5.587699040730863	36.966739190358005	12.20458965539742	22.40640764077205	6.242195358581993	3.4365177656589623	4.779072014381319	17.541283270827876	11.530612864862638	6.680178833744837	10.04034909089307	11.137536266281888	30.190090957929982	24.98660108116095	3.246149995513145	15.886248502192748	76.78143707885722	100.0	100.0	25.82196073844491	28.964133656850475	19.83401364681808	5.223831884178252	3.250313956872131	5.721423756825074	22.51639581882738	3.2530660289350934	0.3702507425681318	2.096056102897727	-1
100.0	99.6659566719551	63.56365155846925	58.873308374771945	73.2184077897499	100.0	47.054707301892506	14.393009869797424	4.757408527151587	3.705627619958616	3.2677324140420723	8.837327589128186	1.6762023354981628	2.469828138631713	4.332163595826812	1.7221766624925723	18.820752275018528	2.8906904157814526	4.592488941177496	21.856348552337263	70.06210550289165	100.0	100.0	100.0	77.05739006921165	64.64102703975384	63.692513921858065	39.5627161498183	10.663171075645076	2.322831800611577	29.32075115444873	25.20150642908257	13.387818902854653	12.635002600235609	33.45729197226684	100.0	59.53958730780195	6.572905022410741	7.246622902351328	16.320982340440636	5.326599796902379	1.4154974575152435	1.3116266101593155	1.1560798742588594	9.61459313053572	7.259663569957288	43.69222547296348	75.24957405952065	100.0	100.0	68.5095172615599	79.12770528399008	12.023484224288353	14.20623924126863	17.23574307922973	81.59464658458585	100.0	100.0	64.66482572460579	8.086120807503507	5.640918362922221	-1
1.548856910766778	1.8160970022776861	2.5446862829917443	1.3548705131539995	0.844377053996569	0.604484692895352	8.695937782625164	14.486292080856924	30.82759788851966	100.0	30.40630991786631	96.84595827324411	37.260790726014115	22.88092823346517	1.897537639773524	5.527372310325147	3.3253645928493034	6.835088238595904	4.64021599821731	2.162292439474958	7.889298384294022	9.582640483088705	77.42080260231229	35.88919931895595	100.0	16.755445280960117	9.49865942059167	28.72924882337188	11.965156073470164	25.30114564469559	47.93819968574405	9.038471502355758	8.319861234295448	10.688073415920783	8.989803513966912	6.33715810744473	1.5034057196614778	6.339315743319206	69.11492060743308	51.94082577620219	9.480590198067825	14.227190060689182	29.978840665410598	15.33429164059125	14.182314930444788	4.183320369324788	3.375179271416721	6.009301701052852	10.117956998792785	21.635018217773766	8.150125264134479	3.178094326028593	3.7727878467816467	4.709008351934763	4.320610004760781	5.949997509507881	7.786371792793509	4.550161895736958	10.48813053418585	29.542656384047618	25.140597942773855	-1
2.094899467492404	1.5536287906398198	1.1527995058499911	0.6999561502257253	0.25858842592952636	1.6014102076432843	0.8974341430744296	6.989311977468328	18.0412594662364	9.364685685877868	12.4389302172096	6.570011577219505	9.623239957007996	4.4097185386259445	4.511986968731608	20.943024739360176	58.64197819197529	34.20705548715255	13.862582904638883	11.554815306158373	8.020464872138989	20.758139812856683	31.148640703115547	40.54020170330131	19.1907680648535	6.567822651488773	8.584499417365853	14.363922953875495	16.875539718564617	61.857430535663084	100.0	85.8291160608468	5.535726166180443	9.715104581701983	30.71482199920762	21.75935371838728	100.0	100.0	42.902566169539114	24.312085932724425	11.698521195748475	3.820795245114391	13.964350821129552	5.6261796046040295	19.876237118726085	9.113269163002318	17.643299790399894	63.267623002964	37.040928770697306	12.208898663838045	5.402603311785565	6.6764600290265115	98.711168299825	62.55233378882798	34.38324183290087	60.97687322832468	49.86441759554952	22.121474311694374	28.402348587116222	11.759743879258666	9.336953070874431	-1
2.017268073138424	1.291829645230414	2.5757727788040574	2.716341751509234	2.6768208459901475	2.792524549750546	4.552992043009876	4.14238947569017	2.461401252960624	7.385353097490071	5.005114669666181	2.5309984406154915	7.067205218978776	6.367100236295619	4.618519321327869	2.3587626231980128	3.671797925924557	15.242820822325726	13.943663736968064	4.024103202915482	32.09134668047307	20.581311269813092	4.529916084150995	49.755067420329105	16.590767804345933	1.0954467619265975	5.888225862497098	7.397246974432971	4.5228240903340176	22.006197265805426	32.01964624086024	10.672338317355475	1.0977532168548236	0.21025740695388784	0.33117608136993576	0.7503634911951116	5.405048036744456	5.516113589088791	4.126297337985784	2.625446714720576	3.318027340872425	4.256084181564179	10.039926777750765	10.696774933228841	2.556800608295059	4.076983041394521	10.265071951788908	3.069571133835362	0.9777554974074855	12.955225140659932	48.62979439323873	10.126258909007568	10.493117912376617	62.056025116497594	28.60334276147411	12.852869859671523	3.9036264482291174	15.793694082006239	13.346273432957435	5.329633517926537	30.202516791658205	-1
7.743603378310475	4.714865707527622	7.011320602578195	21.391022181337934	8.403280445327763	3.2650474326648387	9.172793354758122	5.192150537639038	7.29122879833526	7.074457788688241	1.8257127273540983	14.51150148755491	11.761912829151845	4.971136710023979	11.656964157776624	7.934912081681795	2.8281211392882817	19.750224998111925	5.943425806022713	28.435969901920448	4.889538824720095	0.8604514230464868	9.867232704486279	9.567991074534609	12.000792382127672	86.98992975113386	14.883884105584293	1.6412045862203362	2.238434927794728	6.733526431030963	4.128452594870778	4.416149684478429	10.362748140853068	18.075394275790664	19.818242688991536	5.694915321770646	2.1029014856238617	2.4193467006696516	2.173170086511575	2.1623229498085843	3.9593351816048594	4.928147219692566	4.414575972007857	15.203984268245762	17.095802366870398	36.00707788213562	61.96719816972834	35.87706445149578	31.269633472870225	11.559057454563389	6.939772766771885	2.873016849185975	2.648836643829687	5.919779697277351	3.5667092966898584	3.3537438336893852	2.372820507461551	2.4370400994814347	4.711916388035588	1.921052333687555	6.69717814578845	-1
4.80459732657041	6.628396813131899	3.0017948743974054	17.221085436909046	12.008782957342287	6.501937566047905	9.413197944817659	90.25763476721178	100.0	98.61960965920713	44.90316228608914	6.512062309355682	4.101511532583716	1.4354418978177284	1.9470497116423187	1.006372769710898	0.519793792203619	0.7040579989740022	6.943356934272422	17.831410161486087	14.97208550510302	31.888436894044013	66.1895753005836	2.1747068034215253	1.3564530563178205	9.062268721537563	14.547569001996946	44.497275678895846	12.889394994820622	1.5644902175352613	0.952921373939837	0.41931568413385817	0.3785204307493527	3.283078212276	3.483210103061883	8.906265506231897	4.224319301640263	5.024752181879002	4.201569628493628	1.8215831524987567	3.7134662083165164	1.5344679279495517	8.157242971242598	16.897352156184038	37.743081598102236	18.249807794962287	10.804801725908751	28.01877128739148	52.176154329654345	14.045582028623487	7.302287778550923	3.2799473818640545	4.055913055320174	14.15173371017982	25.191577513589447	34.894119235342494	18.519445437047285	23.685426016868213	100.0	66.02128897438637	63.863281209311204	-1
5.5138650047974656	5.026794620453737	6.889404452294669	4.104093315627507	1.8382365201944297	4.731103320773129	6.149814990517232	3.91237094403971	19.145449724044663	29.872529154419293	3.4447861931139667	1.991780273869156	4.096092717111049	2.804105722529425	2.9526018317505813	2.40159536049772	9.018651380957804	4.9734516379477025	2.4222561785677064	4.806925935081261	11.753541122581087	7.407088715944388	2.7346449630393694	1.497408580107801	1.4559848911023687	3.270093799198701	10.481299149213413	3.7222112776123346	3.5502357040752046	1.4944592541175492	0.8677742047891752	1.6678079619210586	2.94360393956357	45.52351729243152	100.0	82.06172258226265	39.02408782173207	52.07331897538221	100.0	42.92528731794028	7.250610263620297	35.202890016988256	5.340710087369393	16.6651685465223	10.362191679181022	4.327165902464281	11.681627188344432	35.788785363161914	2.5120116452204324	6.569788523708725	9.044519404901841	8.936635285218117	13.693113418395539	27.234813039759256	60.84760470327868	9.675965921895347	2.921019408107799	9.544041863418574	10.676186362289846	8.793761999171721	26.430765501798273	-1
22.6772057951388	21.504126260669196	14.656657917674053	14.878685928291008	27.474645589889892	12.880903105243675	16.00398984431412	28.30671111577179	8.397889499424252	7.739974582009715	1.2985202055129899	0.8068808361166538	2.660563545631276	22.260343114284417	88.78940795088583	3.578257944137734	6.489463115651088	9.031843352652585	2.4377929978855133	2.431878993790771	6.604627241241978	9.752154261650645	10.791947929855299	2.850252246713338	4.786825508737693	2.344403707506163	1.3335172802613064	1.4787924580449683	4.602762792151287	6.636216248722894	17.88474532714973	5.033960822723109	1.3159253206052484	1.5632362935927333	9.85857466333852	34.465589108249226	48.19181037630539	17.74186125800924	6.918184371515924	0.9214450010216478	0.48771185306345155	14.191809433165387	10.989140828710678	15.676838250948466	25.342736133414924	18.42425374461654	4.533984644642508	0.8240558072037999	1.007107525577778	5.615607863828219	4.1774022752756785	3.959704740555691	1.7773427952184442	2.361275634462722	7.715764340940081	16.283505340522307	26.292955830218958	31.649144744578493	100.0	68.88840407234855	36.39966483350012	-1
0.30075669789945697	0.5208618922080577	0.785909259257184	12.034064641969804	3.096909687590763	6.800228766289291	7.48467302225829	2.4990238200973978	1.8737117429486185	4.876367640585832	4.250936422125887	1.6010328092336292	10.988324970770666	61.07974671361819	50.27159630892361	12.159509111657416	10.172657775525698	11.28302328886833	4.210782749441817	1.8166253143880575	9.102121589219902	7.850925189161343	8.541436271988287	2.457519465323195	1.7634811566421706	2.979355219111256	7.721280789510934	14.61466581717001	18.462428932408343	14.462562719668956	6.016494033744939	1.3313744845721736	2.374482045432463	5.778610966109042	64.8590294845579	100.0	100.0	100.0	62.36709967583711	20.30184641296019	4.550426180039609	6.734848894821478	89.79650632715615	55.24955296255696	8.37041414307283	4.585000699285535	4.380553255361109	5.85142313728489	2.462665309773793	3.3552452937655186	100.0	37.221248597470165	6.225279180508923	1.015587613554371	5.555480942763492	5.710216669389689	2.1000401392099937	2.911831024850399	6.329577366584769	6.4569760268315095	3.3086400251650003	-1
4.246299673150767	4.422815047176619	2.7562913945703187	2.032400330469873	1.3833401302151667	2.0140921330421064	3.720078963079197	13.177550219298363	7.199231635052993	4.238644469948371	6.61118209918931	11.384671726353666	6.716419542618082	1.8183730033402625	4.098362266618414	0.8148620181809807	2.051153973102124	2.0017801356417233	1.2595632324489123	1.6275996444896743	1.1743027652910971	2.4893608230083055	6.848690845824309	2.6660802150511844	4.479900365858391	2.1941337268212733	11.660836725441316	16.75021371904924	1.2487323976673446	1.1552293284735313	3.134685704793422	1.0816438945109281	0.4964398576629008	2.404513981125965	2.139814128969297	4.474362479599938	3.011446474884202	9.366540221723215	7.079183468014448	5.892860992834256	4.619848982357259	5.142247071504414	26.557116058819286	91.82758446256642	100.0	61.426232049453986	76.41266061413177	62.60715521044774	77.00184560458533	54.1288075076412	12.491861466920778	72.47575561782547	100.0	13.279109083654745	4.175307400344687	7.447302454285076	3.83757658965062	17.95163028033195	15.398981705115895	3.676983415246809	1.2509537409765283	-1
2.728674386719228	1.3815182570296072	4.568323305030237	13.67356500261002	40.22658564586512	38.41059180617044	34.16417373941398	5.117868926475276	54.794384128475656	100.0	35.85556106551673	8.105641320380851	13.97291208825532	2.8683116164277935	3.815440087601448	5.346880267433848	13.28684422960566	16.792132277361365	5.490625002030118	2.7246486696598264	1.9669698272882885	12.701221322334902	12.04629189959626	6.788542733802153	2.989489733208641	24.341038144331353	39.62714831977245	38.08720138405504	92.32393491594196	46.61984635693288	55.00875983830479	93.37816812509054	58.27436299915901	14.281467546288557	22.31120325313512	16.283280777685857	3.3332652124257693	6.743305636020866	9.792164120261592	10.49561840206585	98.53525516136725	7.136672158546577	25.601833453114082	81.51549122356307	41.23125333593784	3.277249159823603	1.828007722760073	35.69051658800389	63.986264173266584	91.47783446660235	91.31872050773428	27.270007064126318	23.405099712333428	39.09641761014823	14.448869661693319	12.75799366441596	12.88115436716317	5.820412262164882	5.510164112407714	7.65810261808182	6.5924491984168645	-1
6.976053162010862	5.198615382019381	12.58143535436111	6.720134593163502	2.774856107053912	3.401755530356689	2.480788200624902	1.9951511919314089	1.6088920858581495	3.9402953936366716	3.2101182185456825	3.4531438884446635	2.4517532764273624	1.6149209412413066	30.272081933364188	26.404759781480607	4.946659904532147	3.498461439514389	1.2167462789605215	1.0595689219875	18.39921340239387	100.0	100.0	46.827712348767896	45.681839981175514	13.657108506378039	5.856561021519495	17.02241533082753	26.89965816418622	73.81743376065106	96.10544001798833	100.0	100.0	100.0	45.39721350082361	31.738192027287443	16.383736306814765	26.374173881210343	17.769357794207494	7.789593827696442	31.428931268444128	17.406146717474098	14.987783251170706	2.4119913543858758	0.7699930062764487	0.25551756801181685	9.329140594155904	12.5914758013075	12.419432147209253	3.3094025521244443	8.18401275681181	55.72051358645972	72.40010062235496	100.0	55.39073534703263	100.0	91.36841168933297	47.665840368246336	53.604235519900776	65.93361849713239	100.0	-1
83.37940242509413	55.38363166733415	15.981349055124278	3.631975470587858	1.719398040181845	1.4820055885840024	22.61184349727007	42.76238706796921	37.15117846384184	31.585046454963983	12.864613983821675	22.579416360449386	41.98263693322058	44.78689281200396	53.77184096560601	6.13717525899821	3.2762082369691523	7.323778179885321	2.8688210415074025	5.0678253908255755	10.728533815509829	7.291582250547096	4.274336287057266	3.1992209693188975	3.005171155332481	2.661135543614609	1.9595116787622449	0.9309603221906917	2.3146286436304804	2.179882404220056	18.730575716205788	7.670229422352264	4.101520481529895	7.209633244206667	3.5340147713804555	8.27131227769463	4.471042442664698	6.58153262827802	16.075436637048846	14.069262051434468	2.8086375448433065	2.756513449645345	5.910267723583143	4.737140092650841	8.689407641182134	2.16848367544373	12.407495994918731	27.25227235023837	53.77579172439741	32.179759643879876	13.727524516347929	21.505965997734116	30.282245668408834	12.038600859941116	14.042265871132843	4.0253766204741614	2.9013228626506233	4.209384811844905	7.187247366099822	51.388316386429885	90.97045976386481	-1
18.391180282177316	6.071211225719857	13.737682792058447	91.087800727066	75.37168943002683	12.522160288930552	6.458708377837667	19.5330595484109	12.611079436621072	5.469418674643388	26.13718250475731	37.82496748304929	12.751355291844463	5.605163461680301	8.706079196028309	23.069098460449386	28.870943352600342	1.9121828070856524	0.6061095526256342	3.344499156819003	49.59621278364447	21.815766239305393	26.542594852664394	46.87724671790681	18.542964663152468	3.979406348476348	6.808172535990059	20.4424736889579	28.05662796882679	30.445581616162624	38.79522617228315	29.47437849868946	51.462362024716235	19.04543821817626	7.841063754230897	8.387995605450177	4.079823660838526	3.8530179665019917	3.6736019789111443	3.0374721917651333	1.461137939559689	2.8990488491582918	4.383282465675541	12.299107776166549	7.9965038442767185	3.9760667928671385	9.910519277871748	6.438582913382424	2.1106792775326726	6.006141353275434	66.41355135247942	35.3960726142923	20.713352296067583	8.197249461752007	5.17425294175467	3.5560720615325154	1.5148051348708742	3.2924716357532144	1.6272935826276775	2.1493767363177905	1.0666458896214261	-1
26.903325300911746	9.898738253228096	9.318706466715806	2.423951724447051	1.3516030455737718	18.542838058202108	20.68174968752281	33.33718623028257	38.573190094170975	6.894440911855205	8.935762068217505	47.84917869226728	60.98765373955266	28.714096136683413	4.671864207336005	7.223067437273193	9.619543015371983	3.7272626956284123	28.84106240955956	6.093443732270901	4.23776544462501	7.580987318437661	62.92096122595237	68.40198851277506	56.742179468785245	18.07136083285065	27.888648213005276	45.28028168483278	100.0	79.51309178039931	8.986646984550537	6.863040444296867	1.6954511182485053	6.025541677090968	3.8911628203585886	2.4190731828064123	1.721940841664122	4.5137144042897885	10.15327048905358	20.67601920264642	100.0	100.0	6.426155463194521	10.461258205474971	8.195043954710581	16.445747813440626	7.018360662716037	5.117598135755273	4.922819675574428	27.098114818237235	52.35318341735898	67.44919996413765	78.45667722728051	32.223196973041446	19.85426333408584	85.38573162818436	95.87678466507786	100.0	89.70100453110307	44.06349878498661	52.07980207495013	-1
7.894741842110151	14.256430517956543	6.397398460557357	5.893995480812387	11.80204443252836	19.1096494327654	2.8855080968577833	1.5414108509625997	1.5611954550357618	1.7850427028853573	3.6495008404291474	2.4779803896547437	2.791374028503302	6.335993279093863	1.5729720882367657	10.009569887762447	2.6902889428406516	1.1876978006550445	1.238252751342192	2.0865958632081263	4.429449157208918	7.668746928065388	3.1747479193447043	4.776301068533976	4.474747922542267	12.786908205519458	61.51575513994871	16.63338085483647	7.49056444240846	10.026823149374323	5.751790764660239	7.102096821377851	19.36963560651226	57.45437968774743	15.542135873300658	1.266497640295376	0.5726720818507769	1.02255107791225	12.354030587105575	10.073962472065414	1.3691998473188658	0.9940168824915822	0.9123543326019644	0.550214020901108	1.3097737441027753	22.47977653700198	25.126104687685427	7.812379544888474	42.18549725648814	5.015668058266749	4.8574244254325825	4.088974210450569	11.378756808252364	45.589560702608715	25.46645992512987	24.23165587278798	10.226505501964617	55.07199009426324	100.0	79.1451183122644	95.72948233595956	-1
14.090636949310058	13.927497497956733	2.713186178364531	12.454401693358793	14.848117128489362	4.48282811598862	2.8430569091987508	6.7007418767977045	1.9403256560526785	1.3510418004263367	4.6514380173776315	22.20087481188002	5.047658806075737	2.153945560759402	8.13021040386825	29.99800842412882	16.166223925274274	8.61917759861792	4.831224010100634	3.5035929778574504	1.078868194161832	3.364385831856278	11.837307997725059	13.419858079297546	6.69903422090231	2.8969851562930744	19.369854024180075	16.103213885631725	26.98878241570924	82.76228120162021	30.385251844393196	6.2546587524485675	28.820160127512324	20.869002515398936	26.721203023079454	27.92057221257417	20.15954899790153	12.919884648685944	26.462201300437957	10.019446482543346	32.222206960202996	15.806104393463693	4.399909827006114	7.771700488610266	4.890709243647348	11.423385063983533	7.402216460992059	1.4121091199020672	2.876812691045525	3.852497940811615	8.48664333400651	22.837502374345615	15.051357125485852	11.693491509562428	6.6527621186172565	4.337696351261176	17.534415371525764	8.063160770107292	22.032589483899958	100.0	42.44060742776396	-1
7.676917567091716	3.3742093772684156	0.47171295781061057	0.558086229779772	0.5655628294500176	0.859903560826889	1.3920352349017389	3.9138479013443876	4.500142641437851	1.873481063086602	2.3171421993531025	1.4432767883751887	1.4471853349989423	1.7093518615553198	9.931464189351018	23.28845928650005	8.135973125307203	16.059622142662498	7.004764505993835	3.9930941045479345	6.590169968054457	69.31095824967585	63.54868118564763	48.12097168346069	57.82079824607497	7.039257659966768	2.098203358191796	3.915416949515533	2.094339175215601	2.189436004716091	0.882996405714916	1.718157903833457	5.911468076886432	5.24191898426066	1.6343234343422686	0.7892884649489661	5.056793930543996	18.11908927652773	6.40910860714569	4.184717892622809	6.190530118840649	4.426522494332953	5.555601225733377	15.391106683156078	17.072841905300823	4.66078797481064	4.593979395220144	7.042954632722471	3.693880924347368	6.63241598383326	15.86343803491725	32.41049496910812	11.10412935555748	3.0568496857920975	9.418476007573844	28.062712623785234	40.681954151150066	28.084324446388635	4.84014362852828	2.377083154572248	3.410716418674891	-1
3.3508174692764476	3.69930593450153	3.3450395320732955	34.05217249436983	6.808845817250924	3.932327873753955	14.922045437748865	24.533945170130732	60.77317332112163	43.20982075117242	50.19532730244461	45.97859606217838	14.454684325746705	4.410926857340815	6.093210528090037	14.324557723387683	17.74569195424629	41.35558165017701	9.272938385639353	6.758917473681437	3.5934783908831984	9.690268467912903	8.552608063787902	5.368233189651143	1.8025629977177895	2.1917419191366116	10.576244727216785	9.172796641664743	4.760377863194752	4.216507936044648	5.891332333261332	4.036677501640934	3.8800578384981446	4.790764410415055	34.960627489850694	100.0	100.0	45.362962367347116	31.467135740245233	100.0	43.85695549954506	4.776704828451978	15.258012736666426	33.298804702163274	4.841448969842392	43.78387124618295	57.66528681411283	10.819251918343955	4.496516671752171	6.724891672094143	26.593140744378676	51.470248493705846	23.71779955999084	35.40651634338517	16.26078730210903	30.442417163270658	30.82225444187917	26.06912232825667	3.2989704365430446	5.937796528185431	15.415933563192532	-1
9.532269676546218	6.350990851876014	3.1026466145124463	3.098821528616535	3.3524634602864647	4.686494929201364	7.232209935536377	10.27198695099404	6.014705243122293	7.881676076015762	12.969134580736387	7.833737182682743	26.47196441895932	27.311348933790207	15.449586090516831	4.841504145513017	1.3442609318148637	1.3755545200458243	3.3788106816564816	3.1679967282299524	4.258847884626764	6.991994225096147	30.067643140217204	36.342361331699145	12.957026870481776	10.80515997135074	2.8783344606290377	8.744867219040682	11.13671548552884	42.34837074158321	21.8089473517276	29.74665128672481	18.39209738110343	23.831754005626923	34.09001084615092	17.494923773657643	6.5680990801034005	12.772574918188973	18.702049968368378	51.174482096008674	34.27833242415148	18.258520645008186	6.244239595851011	5.964103814912325	22.95246068912335	5.308101027665242	7.526209000727378	56.43619403369491	14.776154819918675	1.391472069842433	2.086994008978524	62.978413305267765	14.595300980694676	4.591831358865113	12.449908628250341	19.00238507178489	22.06227058186452	37.9534459180687	30.338066895174066	16.264377501785695	16.524372167906737	-1
1.4711385524977596	1.3365837071705808	2.2184653105060956	3.560087894419341	27.473392611126876	17.784387041529808	1.1895273850366672	0.4286687468570986	2.218190262324215	10.484403009924245	9.838792442369483	36.65654440338045	36.49956716795734	22.084496614602823	35.073616883800774	14.563801112112024	13.532058584173468	2.7821721010133023	1.2696092815763615	2.5887612975685204	1.8632603596566892	2.512574859519788	3.2121941044590954	2.062146660346439	1.2958974969993629	3.5231590665676	15.974361345062468	7.844790534065901	30.922253746757367	74.34042422077246	8.98659505767453	5.381796850068788	8.817239959230625	4.883035874462101	9.856541899586274	100.0	41.985212579793526	24.912133632894115	11.86679773779451	5.486751272894428	11.97880901425087	13.956158870660063	9.898700352853485	4.208724860318189	6.499798634201236	100.0	100.0	100.0	13.709335447855226	3.49226528772515	11.807571463446498	53.66741895041546	45.597788591085916	76.42133303368962	61.69006143282128	76.01357381468367	25.362600817175178	2.1357177709031756	0.9778341793675018	4.42943976490339	7.891127581039381	-1
100.0	22.530956738283095	50.53961325384145	30.421774469177517	6.72876012299077	49.257094311899166	69.8337890814559	11.23385499044767	1.986515761066066	29.37580874877773	16.82916899143303	2.3041483510983385	0.39604891402205045	4.37082883801404	5.671464916108112	5.891472086129076	7.484115326900334	4.13151449586482	1.9139197619756494	1.874272473359217	1.3186844434287388	10.400119296763519	100.0	24.070976181250096	31.74311157221276	41.02322175488804	8.854285351077564	5.3607241999072865	5.01705817453217	13.989575313239625	8.249685863737685	15.97630347282248	70.88112613617082	53.0647188442293	100.0	77.34637910282953	17.887896204977665	6.3912063870203	0.825266465796684	32.84802231652064	42.856633906267405	48.7028389353314	73.0233048904126	7.864866038269615	35.034467345596575	63.37352830165099	100.0	100.0	63.6440190683982	93.93860419359937	11.886320660793544	21.849225443321085	100.0	21.375554139036463	3.561745246906268	36.66712470416699	65.03752018520768	19.748330630322787	69.1571435160772	59.49830804667572	24.130538153416705	-1
1.9802746455336537	3.4174156075704043	4.611624155497439	6.025389822176891	10.622765900506359	6.890144640593912	1.569186255868296	3.87081527329149	6.259396785779832	9.396056883288722	7.2020853825166915	8.874040398212513	6.543862411406553	3.788194194244519	0.9746063714910372	1.7433559990554648	25.782618131321513	18.26708548177326	36.482746736519374	79.91957132299943	35.412749044765604	42.71261148126487	8.964711464109655	2.946423750727512	3.223809450276948	2.7002976582574187	21.773699793379585	11.238609172543633	7.28795132199538	23.053154633817755	29.741454865684577	4.6879179458307965	1.0057837487712937	0.55785876383089	23.597116946670948	61.83020427026337	3.6831713930655043	8.941961436012292	11.836203828590364	12.185251819729963	61.38910280487536	40.87336098752519	28.399333216168515	11.586774408535033	7.002995084189954	9.017259338939626	24.461098813599186	10.357489074590418	9.206837080362915	4.70149021480691	36.36676023776521	13.414717849316007	5.54580110424817	2.4134305625465835	31.017940877099356	41.73773507325336	100.0	32.74175377751223	6.784004272731947	19.13579506316794	18.818534505200425	-1
11.365375432924914	88.6589411659922	29.673560669949527	33.48654834399861	6.069421189767071	0.8240819270236506	1.0198763881190278	1.7720810591311997	1.9881174481746027	2.558851257735106	1.8000670780632355	13.98465605128975	11.390107609492864	36.327696292205395	28.03448913262292	11.576991973391156	3.0488072888438156	4.3816373485224585	1.2473561681861176	1.8561888572000886	11.182875961165793	6.524994719346971	2.2920060636071073	1.5001149337265713	3.218653002641653	4.532307395706412	2.287298574944249	0.4720712328357359	0.7551066273435015	3.5496328827769057	5.822227897817775	55.02097673953608	52.15117587707275	26.36962889905136	34.364306795195	21.769328378183296	59.34360224217712	44.09443575993285	11.302382903136671	4.664423239794113	8.844445371051064	6.429378201700548	2.778972963608109	6.266944428164008	12.491869420753986	7.236941344721369	3.663673169737337	12.43062200946828	6.790636787497152	1.6564564888723865	6.29595481236184	8.058848141708976	3.381625663561542	3.5788711266149833	1.9704046204541392	3.435445187076013	8.210359823167904	9.037987843531122	2.9327280002960197	1.4841735470651956	2.826884307843095	-1
13.430907222032054	40.825662774844844	37.66042436825789	34.55225692229393	46.549751953868075	62.8558979676324	24.056479146916434	2.5712155519696065	4.33950312757642	12.679087316367799	33.28350997502568	31.233440039692876	12.627462816098273	6.8526185973803715	8.172977010578723	5.2934449114777395	6.3166521395279664	4.969608756564063	4.964430266021189	9.111008858982155	13.246893265154597	15.85580524255564	27.730004032551346	23.5470945984669	6.20834652054653	10.06453481609513	5.669637399545206	1.0713239212525143	4.591528207709471	78.76561676774035	100.0	88.17951623946226	100.0	30.172651004073334	80.74113828492206	13.974752541861738	29.77355198772977	14.133884032348378	5.69895121032503	6.156843795552959	13.554137662466777	7.744761916193618	5.973139934932783	5.3251190683399106	17.572765380560433	12.430637869142556	3.3031970019311205	1.868059551807703	7.190389208090857	29.40017155669163	29.010361663389208	19.665014275447064	22.84414642177878	36.64144485108919	24.266255219557248	43.67497827824614	26.767057457866887	22.444569543154362	42.68859392874403	43.34155898624198	77.17987861043251	-1
51.77400790087881	49.66497021152982	58.071146657038526	44.8009389955939	3.411811566785122	8.46929516096014	24.195033133643992	19.11182095702851	7.483430193695493	6.731616943305873	43.282199653211855	6.814691313573425	9.148080028756421	16.83012371216836	4.402849336163474	6.77395007846921	5.99293270448078	24.073373089881738	5.4711412168770055	4.541459701238597	2.8962011329489967	2.9473446941234953	21.992612330125127	14.551062599338364	4.201733171923931	3.57110722061183	0.744206097895819	2.60091861896	4.997095081225519	14.43408938846968	5.730234498314917	13.182112426942409	75.53609396672074	88.85802727012111	100.0	99.11778779109865	54.980823453501976	15.164133320466565	25.559316212532337	100.0	54.70207449279535	25.731370572912315	9.104854932503995	7.173075917296753	31.112018985030968	3.597746941873723	1.7570481415796142	21.976168890329674	18.155883350799414	29.677094173916394	29.429856914052497	31.72601426672451	100.0	100.0	100.0	44.58699285151048	36.69977087923272	100.0	62.609787431403234	4.59566773312521	3.1370950536847237	-1
2.1203679243514335	2.803159406422031	3.732656695857387	7.444336659516672	3.6191927890160023	2.3030270069471337	5.450471712045171	4.145993438080335	8.901909148153688	5.407667308381081	4.362178393184442	7.634860027053622	8.872610709399316	7.926688959510939	2.463939866918597	12.948349072316322	20.96630083057021	48.22850722359337	38.37568763437504	12.392634206916867	6.332781552406222	9.34924892688923	30.480451511379815	17.17751582192911	11.266826280705352	14.796619258348834	35.85014119626514	49.074513282095445	35.47574882563094	86.72115299125136	74.15155865988027	93.19260679936365	100.0	37.18572216644416	2.9244961819182134	1.0772812190492929	2.2849100412812144	26.156572183269585	14.409118766543717	6.079382448285812	6.7365852981392145	11.49700338887504	24.98399794477353	11.876591427133464	3.1379633775608045	1.1916566619785152	10.906788705723656	31.86940294615919	32.445021874886194	31.575083546007342	14.50726390740805	59.332109445403184	67.34016405379056	54.02209242293015	10.181357254582597	10.025774343553877	2.047313116738939	2.6533136512388285	9.06951776983118	40.33434337337924	93.94033103350449	-1
6.872525662007448	100.0	100.0	41.239258546300206	20.529584365844723	4.197105026632876	1.692265969595116	4.839699002230147	12.7504370434095	66.22732907461359	96.68183218536623	20.274663186361753	14.536846868353539	9.003221145790592	57.75845808261278	100.0	52.54253149654224	33.754500325702935	48.30076253101987	16.30633172191863	33.87922688266394	6.167949818813197	3.8783374190142785	0.7288581747028189	1.7825957096629328	0.28397875945019324	0.5040669765860561	0.44896556431908075	0.7220899081665495	1.3113327483375596	4.489946977404094	14.462641038275725	13.396281978029712	12.561109847847113	8.87562803523199	4.552365621131516	8.969367228398692	31.678248193473735	48.029740522777985	33.80915394484552	73.75234409578329	23.146188698076717	37.93085709117882	40.29335646897734	100.0	100.0	100.0	48.73256348021691	22.57869721896316	7.201777064685317	18.34090848112574	27.220216580268218	2.336048428880374	4.455683571231324	1.465653914920535	0.5539388286920485	2.0766236521410555	11.509341778475822	48.04068464486355	5.123993249292812	18.495661225234777	-1
5.381287472377742	7.2231765378321535	48.733992989258574	100.0	100.0	40.368849800539124	7.403612030166515	3.64347686931039	1.2955085452534965	0.4381461591563929	1.771001399918817	22.087903777966297	24.81305444910285	8.413246268724137	9.797288450263343	3.0894535634296236	2.23293985019385	13.387549167789286	49.72180754273047	19.491280900712507	13.639795256346686	6.3369256534482385	7.791563091760362	9.962354263023663	3.621508197101082	11.722075690703724	7.793159818683572	4.943051372466568	8.180774544504308	24.577497133205394	10.915870466115088	35.76345222561393	50.54999531810452	100.0	22.18620067727814	12.28727438282355	18.649376808068325	13.168814860246359	8.095878932259353	5.477841629512613	8.609893900760468	10.962472090082102	34.519447386024915	41.53582999819088	49.11279703314742	62.279632025123	100.0	19.32146434662388	25.60977168995047	17.445150102555687	13.595291244988577	4.843943304137082	1.021309175073112	5.625402506730846	22.71517653355307	85.95099529299372	100.0	100.0	53.7422061457518	15.78499388403344	100.0	-1
3.1299057321565162	4.447778543944215	2.9952060818509145	2.350773524847225	1.5634191624708318	0.3784704368474539	5.651242673457933	8.646501872338648	8.13762705811719	4.238906372633889	17.096414453732304	6.089597212884343	92.22010407432359	40.17102054246877	16.404425376694245	16.18452142196432	20.504676494938412	3.671084806600959	0.6619902351644668	9.919612577908389	75.30346724459109	15.64266004636744	14.036211703642177	9.39442723625073	7.0604755350698944	13.574460048526486	19.84110514980972	30.90316105754458	24.95248205217216	19.778385158831874	11.630780341082714	0.6491236626021681	6.120222729293421	12.079540400697955	53.62092952447804	59.399621676044006	9.355366506613208	7.562001116311797	14.753236736537424	14.375329710405472	12.588075162273663	21.09975137674954	15.699136650291369	16.68223241106001	11.777397697683277	8.491143616597826	4.64449805750058	4.227107514481832	4.286247453096671	9.87855523081769	26.19306124421731	15.531820716072227	15.821706108642184	15.533143404275839	14.880532172310723	23.38948219226779	10.710164572911367	15.691465387749439	39.97537840169779	10.295423091570685	11.629356981317354	-1
23.56683459580622	20.81133982007825	17.14134531485794	42.44552540042056	12.87369884312968	1.232981405027294	0.4828549056595035	2.781136327451758	21.883158149949708	18.530747179165903	5.199985122334984	3.554156524835251	8.247862424929858	23.883316076185572	21.170969754182686	4.874457939303957	3.855942978293573	6.4278997803264	24.953440033494076	8.103472453256481	2.721343467900307	13.703331839492161	31.280504048797592	35.49285978116266	21.856113517649074	13.363900157753852	4.85108309556438	3.3918593614979247	2.023060437544057	2.8058268154007404	2.737486598270283	6.725885083753046	9.153977917565639	14.444808510397705	8.047031029969427	2.236562074144018	0.4394436769839622	0.1609074220576139	1.7135119013748326	8.870476101931853	16.715579210914143	4.143062879558354	43.56560289458638	30.462042689959688	28.439479649050334	27.037999313968232	25.81746720621705	57.505452721465616	43.98648945228641	24.253028143576618	15.937497563700106	29.564073555043834	30.491881743008648	3.710614435050687	1.3863077281382494	3.9736529566166534	20.736305135279157	54.47534932734172	34.183709406143045	17.924691363181417	5.1668863438146895	-1
2.5660452448435023	0.3199687146258279	2.792275699714483	13.647583081775899	53.25192872904509	81.63313897649687	56.422194855179036	21.884754254149996	5.320563696417171	7.437032157216078	41.54261113969543	64.69234968904559	59.51543867869785	28.405770610950206	7.020778393456661	8.911483579072383	48.492415324166465	100.0	34.64052449612785	13.383860356849892	19.149673924159153	16.071653843059593	4.7246334134324774	3.4666152352534274	8.539209917701438	6.561594915888145	1.6524004806254622	1.1113054741435715	1.1009094722694408	2.4172922353469573	1.4770706391778634	0.6458677609290808	1.3814320260330857	7.301799914189417	15.665403895523548	79.02111115207622	100.0	38.562237741144756	38.819630212815234	33.80533309118488	23.90248756712768	10.789527651802025	4.831678066893163	3.9659516243240356	1.8779944082274131	4.350448647914413	13.545283318079653	43.13738755493759	30.958050905891106	6.022644191582574	1.9820670350771534	9.411795223495046	22.927157504001514	37.637520718073425	17.23413990749205	21.365120772196452	16.440057860590105	7.175001782645599	5.73235509702048	39.510335111446935	23.654247413588724	-1
3.232902053217829	0.9324973401234179	0.38717269873582394	0.9429431206410102	0.7309576374345041	10.040324759796748	30.1345625374516	16.040187251135237	17.626251529722744	22.667799214737475	58.104353051082064	16.94621977812561	6.303924324217388	19.503075585283415	16.33450663171091	4.806199816583877	4.591011598778927	5.361364107973476	2.428710113892194	0.9711939272189459	0.204803723151725	0.09059351056820372	0.8545464192443198	3.1094906886090836	7.547000036010761	21.712910685274753	70.71590165398732	54.03645881882971	100.0	100.0	71.99319812633325	8.842384045700749	9.545404528743587	19.001917316699338	6.463535646874291	3.3827985690959843	6.054874133680536	4.214225770410897	6.434637407783627	10.937492231384315	2.0432951261057553	0.39003933669901764	0.4781202624736308	0.7612963853505242	1.1916822816268102	14.242111716863603	97.35128828707522	32.25107331585676	1.5139911045706966	5.033246175988912	3.3987842390145646	6.538921901404328	5.040484912130216	4.761133482709613	11.214143591885433	5.556974972789969	1.2483341183359278	0.6371921597133307	0.9591420896962922	0.8229460285769027	5.884928385331535	-1
3.2539390281810454	4.8760306655920465	4.949031453325742	1.007988628260712	4.04349913684426	6.993185615119394	5.882298963457979	21.08184907784091	34.97001390487469	50.543403531935766	33.84222057970759	13.612012238929868	5.458229232609899	20.417995196775664	50.61563578986928	30.457509892871652	12.232805348353729	5.786905324150792	49.799217500615455	30.579475669040562	4.837347211943623	6.990594711590177	26.316083860489794	61.53886159334819	35.284545995385045	9.880117588556692	14.42173324247028	27.366963891205458	31.691766213044016	12.020120517548284	2.216175251819861	10.797916472563081	20.45111551212742	13.6944514792615	12.897833540883985	5.864978620361934	5.826706574719066	23.649163939959347	15.513977979824073	12.914168780031265	7.961241801050211	5.498272427478721	4.081130942221184	6.285982602965597	9.274540064457367	3.972653960832205	6.584173778171281	44.60271017858698	12.651120500710238	8.789471837533037	17.715035870280033	7.8550474643605	83.50235228251813	33.91132831697713	4.187432221846949	31.092828368599484	39.21517248488915	49.145306190727226	31.743377885412	19.077723188826237	13.06229754355458	-1
15.184467686270501	13.900664249939167	5.521924487925576	7.073772462542952	2.276592119759702	3.276299719330497	5.310134189039176	1.396088606042089	2.9715389805337997	3.9049239368307482	5.7630352388876505	4.8802627565557195	2.2683461052160436	4.484056341503329	2.3699643326158575	27.58651112977413	2.7144012357107776	2.1940092102034554	6.866690490656596	47.43131439068064	24.747900294515876	21.3001777880784	66.98556643388136	65.51109612845607	11.296032713982433	8.640069204517557	20.421641400614252	88.47550957426962	89.83385885270285	43.899907011955854	13.5679613792406	8.908653996182844	6.720249735489106	2.6877586514233895	0.9339332185328304	3.560307088209397	3.9199099954934056	11.749301113998461	12.466679350935228	21.84039765126519	38.03247238594012	52.1797905453647	35.51010308212986	8.063958831670933	6.482514889817791	12.892711615885316	4.567173188827351	3.2630929335389753	2.516391066024541	7.4655754596913075	8.029262747745513	4.797888962821348	2.8320304557433285	12.049442287691175	1.7724375322295773	1.38736680323493	6.949080444784206	10.512016432246341	22.47121636497245	5.560060061648403	8.870043101991213	-1
4.2086419919835505	4.757393246811138	17.11385731594246	100.0	24.861714230237236	7.013953849122755	5.096370777436268	6.881456742789467	7.28822773459333	1.1498096035308574	13.511833612987843	2.7576478867963323	4.5806913458944045	12.900283422657173	13.053245548373727	4.467774317519526	7.355701281707986	40.237461901708436	26.410155452285075	100.0	14.420647393361623	3.947489695237675	11.618126099178731	5.304954622522358	2.164998973970124	3.1505130499277163	8.678269868152473	4.560651503151836	1.36469456826263	1.4450125730595864	0.5853593209779477	1.169380779852927	2.462213659299147	9.173291329425227	4.019171104458596	1.650688148127467	4.2784704564096625	15.934205552745286	44.9600098671774	61.58958701143793	38.664100749515896	26.49489177722644	10.675772999354908	1.7325184578695132	1.1039752572509343	16.343226537052043	14.724251333725913	5.650211777612255	1.7050996286901954	9.127290470864699	12.338817478755649	5.425896454372623	8.015702360629874	6.477813824885917	3.8499653595432894	9.608193616309201	17.400821347396892	2.0585601336215364	11.66539639304005	39.578706391734784	25.57007689610746	-1
10.94732669768494	4.409027569561692	6.907466513237966	4.296704993723917	1.1803891608058592	10.877778116659782	5.192870014146843	0.8583419430348974	0.558490529651984	1.315855985266441	7.2958929447586405	14.620626381768556	13.417460263008564	13.736101844673305	25.40403771768275	8.022740914455513	3.72735257095981	4.638428241538567	20.98365764112242	9.46125058349736	1.6258235589131311	1.2391577776533909	7.081107597582481	14.185728718936815	54.35366865389817	33.67814096727445	36.54227894512726	26.786176931877094	9.06941985195101	10.320939191990078	4.737646277966232	19.674772661215094	34.518003045109396	47.76656765000379	18.549949007350477	40.62620214093466	16.65158678514993	9.681633714147559	4.886862179666394	1.3620322633984558	1.2971452301647255	11.628637730690999	60.73632795237651	37.92432443542026	10.664967695683638	34.857506003947776	47.78605212225102	58.43854198175744	31.215883520671078	4.450131019253744	1.685417531048791	17.145661303929803	10.933384849696594	3.350891878068691	3.3903061301506416	3.597863218547019	46.77430588740579	100.0	18.625440345575914	22.9677971858206	4.920452666262268	-1
14.844301497814138	12.93321417649313	3.821015864207801	5.270038334946364	6.410974999291905	7.965564082896496	7.193172938420619	3.103425500264836	4.155631021761184	2.1659277466059694	1.9361143325569825	7.213245507657294	3.8513844315478867	2.067065928965642	0.9249909739149371	2.2363892768279365	1.2298667347295393	2.050615259284794	2.464846505248647	3.7879880116497624	3.358605405001004	0.5514608606487619	2.499751720359004	2.1725413564271028	2.1461016941774558	4.6500972765749005	62.491778886448415	6.833867157348634	1.4982738640765056	2.502135607229576	3.7566137439613363	1.3445533707886264	2.903113463016927	11.202047704681585	9.63679614999643	4.326162274612377	2.1265626805603413	1.7069339022664174	0.9129114158061152	0.8070015625146373	2.7267475049609047	3.7945334999975806	2.961677020726871	34.721361300097165	5.515513671043782	11.182861101441135	24.941624462268088	70.51899999446584	94.80378084400373	53.09841570752798	14.375706852181775	11.198321791780593	7.918609153073828	3.543033311141423	1.6459737843189046	13.303422359512625	13.634620275270116	2.9972852058159822	3.3969305525539473	3.24905093585698	2.9594063693796886	-1
3.5673949948487116	20.29147224140072	25.97621436436867	2.535299755598682	1.1596734382481153	7.199996619205974	8.679718183124885	1.9694988444943737	4.722120226706779	15.722388574872348	5.840763632266573	4.415956987315834	0.510580403660816	2.596243839358761	1.5155845399889116	10.461215423531982	9.23673625120755	2.9302542635856477	7.7532256153841415	40.60288949588225	100.0	100.0	56.37646268090053	15.348465302528874	2.2085086531136118	1.0124677320007844	6.5579400903441885	47.117481743851855	14.443869414389296	17.12008885047023	10.7404422970433	10.765005815051572	4.617195256328199	7.20841619906714	12.410165467314062	4.352626206857448	4.861374214783487	2.2310002306592582	0.5021781588915896	0.27496281670784295	1.5973543723585049	1.683359383924888	6.8249992344322425	33.30250462460058	17.977117867635364	2.5564354526460806	16.117078630892664	24.453623120087837	6.694314227821853	3.411684068447359	2.3469412345721103	1.8705364905369066	5.331302584093571	10.30669694540052	46.07759880329345	30.665998592463396	35.80319201240584	26.615948492316885	10.499294789640423	21.96354372726407	46.98728073098189	-1
0.7242281537303767	0.19692749087373004	0.17648425218621933	0.31879667499137676	0.3912368420565376	0.31390826271011213	1.3849468557838835	1.6753085786037718	9.431868113889653	18.878818274086704	5.131512615343283	6.465308765728717	4.999842073398566	65.3304898088361	33.54186181854742	18.24057102841596	17.18902690139801	43.32404818934491	17.71789265111566	20.881400178572385	59.9235292654274	12.762470124711443	11.303768385270772	7.1590599600207225	4.020286435179514	12.962091246821876	19.376771358323754	5.842794259955393	5.763350311307615	33.34084540075352	36.82656891234981	24.228570436231788	12.451091334941191	4.262947162809626	13.886633527677713	11.595676782790905	78.67603663285962	24.139903265992544	21.450179117880015	37.5673016156281	72.84225521191645	9.805572350760684	2.2558225937599508	18.228329933567	16.666312132859954	12.81797196744436	10.192038094171174	4.997375366168401	6.171887537088294	4.261556694979579	4.872881099187937	7.211654387656379	6.8443493318097754	13.64385466116746	23.32970643653069	26.722359390832512	29.904515085401144	8.278342799802255	2.28734119263685	6.657174289914137	38.70382403973069	-1
29.547576808263763	4.057742888134892	3.8015259198481828	2.9636798314589066	14.561642598342539	19.10070701719416	5.301103853698846	4.5621492823680745	6.258901759319406	1.400372746793912	0.7043027710757062	1.563854542461778	1.6971787130988831	6.548887893167968	9.802255188891186	14.229809166757688	21.10831422281316	23.51634802448198	36.183294298980485	9.285465166308654	9.075562202189143	72.9864866133025	11.352629929074228	5.746909563060798	2.0673611417031115	3.611004901286891	7.695715531168101	13.328987933457865	3.906778100718278	5.9338337004692825	5.999323997676172	12.972219576692314	9.5049700297206	9.227534047286518	3.7785584674553223	1.893855083450095	7.611705251095555	14.207220484739269	20.612393994244844	30.150637034712947	100.0	50.01581327830677	46.99721573032573	13.067636553238263	0.6203743747345778	1.4248625130189188	19.701369872724644	3.8725815419713188	3.0830659447932827	11.95526329573152	4.101094923020508	5.4684872614043805	26.606039948536534	4.964224003899501	5.161751097251315	7.054963132731686	2.0771317887770606	1.5494731313466135	8.333693745198934	4.401461542883649	9.565629565009294	-1
0.6891763654404041	1.2720649525407262	4.977707346201804	4.352050273956663	1.867753782516711	7.239109132001509	4.006212814199669	2.502409952144558	0.8651142737805176	15.964338561188642	10.16597680798417	4.811550100221796	11.04371148613482	71.83402158083055	83.9609475147201	21.53288583074997	14.30566275618436	8.286191758250403	3.722231856327842	3.661345430414557	8.925626918616606	7.852066814341942	17.933512781519134	17.375893519489875	5.853039763101198	9.76237525253393	16.630613101414305	8.691043070316493	3.262839849828851	0.8563608539201156	1.0425643553640118	4.400102083924316	1.6637359173813009	3.3750403274599585	5.953717125177451	26.81292762654926	100.0	14.823301965898015	18.65778339096346	6.667640454418724	5.376058664080491	1.9994014936748337	0.5842795751394927	0.4912903070445586	0.924297797356315	3.1287797794676058	8.730071699093614	7.3844624344289596	2.8169682512237437	61.76992548552123	38.03753241875607	69.64875267519348	55.29090377601002	14.397348464524303	4.472268639081144	2.3410683920056052	2.169516420648156	3.9792141591396826	6.979033190934773	2.5150168669334816	1.1600016554386319	-1
12.46903884714924	9.075774447399358	7.850978910386995	5.114802774970646	1.2638678061847348	1.5916471224419917	2.622922256953938	3.6027874658216468	4.713646992523458	41.448491199144556	17.90882641548118	3.910760205888375	1.2293765623581134	8.720511835411603	33.248861828412	48.631303444388784	21.443319112661126	8.205529145753882	11.438040220846984	41.57862640944865	15.11678109883252	8.325841654760564	27.06027851798666	6.132734460767244	1.5593184175331445	1.982140459098019	1.73203178717532	7.365785416332026	21.750073689945292	18.723499107684244	14.033862246264302	3.2680796596902852	1.071943440233066	4.022663053165465	5.043815176856825	7.068821160800394	34.995083907282506	56.884633429435524	44.99660008376363	9.776857490987942	2.1714232345051068	1.8243206586382885	2.647602554353523	5.984466321550377	33.03550456763184	5.871889479357343	3.5999969040241915	6.231291630265793	6.290431243680759	15.365464404668053	100.0	100.0	50.81750567648854	10.760252862508088	3.1366727034570863	3.142171943792331	7.774303212113914	16.217313315905614	100.0	90.62570134708416	40.50118993249343	-1
3.7587535815109807	6.637022702911964	3.7619798443442938	3.0760770797993007	2.7609321459117777	2.241405200543696	2.7180285369573434	0.515644752303094	1.504898316500349	1.6316333477278706	1.433144685781141	2.1330378570663404	5.571953199551657	3.932870152988573	11.516391624213645	13.729880319924309	50.81734801213472	11.991253773706548	1.606592158547219	0.6174658792162259	2.139374688890758	2.0757297563529655	1.2646879726832325	6.817928923531056	10.483255282842677	15.08826679373295	19.59782497378365	39.71208676037151	45.332141655085714	34.37177421697309	19.701206987649464	76.98567911588866	61.53618322584917	6.350301709815277	4.958052079484164	6.729219712263276	1.1993249297271291	0.8336514690747189	2.520669315775443	12.39596666523372	10.632523866524798	15.509073085584552	8.175943967697645	18.338478829978545	7.213432379500082	14.179391683202835	4.836458307247286	3.715852150272676	3.894849993862941	16.522389607188842	9.52296873727672	35.42095805653449	10.811684229439217	9.28962541824671	43.47299436955822	55.45629406602834	21.019397515731654	27.914960246369755	11.961248695736879	22.500057906375957	18.216965536890935	-1
3.2798774262452413	1.7135153331105202	0.9116325130230996	3.3151937317423497	6.312595786548058	9.162981903567816	8.200802957251964	7.008849277411986	2.9377680467780314	0.9225920957595813	0.4788092478140578	0.6287913819778439	2.7382523881765186	0.4065819081045125	1.5478594373094647	8.046249161075789	8.503452148770107	9.79214016269207	4.4310742143833535	7.878354158366923	5.396220501901573	3.846759565493678	30.217122941792148	39.59121344294084	26.65763661952869	14.005636368331892	8.786968775540329	17.12563665921256	54.53459158454223	17.997504906024957	12.254865943964882	55.44668582197163	22.324498947023212	10.079217513717115	15.225653426766224	39.08022632265187	17.107694667323443	33.02958313914067	41.603852262546724	17.53509082989473	10.426782529218846	9.896624582976756	16.53567553770592	23.98178817579368	10.324894187291067	5.710383089534848	25.251839879447235	100.0	100.0	38.338479986421056	15.841006420429537	4.3183470092694165	2.5682211784660254	1.6153103406784577	1.2844022445835028	3.61908802486356	3.0382464542832897	1.003387645536504	1.3007318898251323	12.87400673618221	26.610489693711877	-1
14.719694317377543	12.465722125207195	8.602596810806798	5.173200332404653	6.2834764778775325	1.5455460008430626	1.9270741870735293	3.6589917883277883	0.9995534488062722	1.0163997679119625	0.7620373301221904	0.44198239536155143	2.542765607931153	26.45391629013402	7.874592064340749	9.28883700166851	28.82139681264557	16.28003418474168	9.801647317584141	5.5704578563618306	2.3189709498449913	6.623779060778293	3.5378907676113722	3.196961727982124	1.5704543153530923	3.7511744503438096	16.98521075925084	8.612879245703423	9.792023797869835	2.001164470495698	1.156634078603951	1.6003904313806432	1.2286902076029595	2.468657707326089	4.2280510271311105	6.156889969906674	10.085828345788185	2.112713174125275	3.657489214414991	60.25825526183916	41.02978959839744	9.117034379206267	4.983361951085444	1.1843037228272277	1.043243307143294	4.026632599978432	27.857886564981893	77.8091676098612	31.030106954927565	11.405274168230363	22.79979832094617	24.88618072928549	15.596877513238688	12.457029725187258	16.809838237859704	32.90212902340206	100.0	100.0	50.6668271665878	14.102754224082288	6.979077571482259	-1
3.903574400116014	0.772081380694392	1.3124512875113281	4.50709095437118	6.6727236339786655	10.70530181409854	22.56717572458947	40.781302411456046	20.95523632137018	3.9651222418835954	2.5823479771522178	21.918002853846843	42.05617502005151	47.657536190385635	100.0	27.240278338588844	3.1999419627716383	15.333128150277986	26.21904726106152	21.03350041399809	70.48160943166161	67.53599435325069	65.90257656780818	64.18603899363035	14.34154163335903	7.3758853237758375	11.837534995056123	15.530520821588276	6.186026660822874	1.7744357960020878	2.3857967018171506	9.555089824106327	56.91400812335188	32.472927809473006	25.208680137313184	27.9973263245492	33.84927030751727	7.7765578604157914	12.330629365742134	92.83692639446595	18.295331139088095	51.750315137523245	20.583167444163916	14.028079336849476	92.81484286095392	39.76222944930263	30.538984184595122	28.049372974629897	4.716895529208258	3.1124483858608363	25.62992879514887	76.59204650459964	46.86498398357304	53.342196048405285	43.72156516555778	50.15158643986972	4.307705630143823	56.81823374326407	50.25208040224983	44.26700319058758	7.301722884828319	-1
0.7038679100113492	2.149943041363208	7.626092905799998	3.4395231777009494	9.64465513186115	17.12359590293851	7.109396911528867	4.6609517551770585	4.037235685396354	17.643152398517042	8.36632621961953	13.357803358555024	7.046979305471065	5.554429738949498	6.602274379597955	6.9333178160188105	2.567828358895632	42.35811938304207	29.539790279344743	8.04190882847016	4.821986685822454	4.567291277489185	4.088049346913338	6.4306090636120565	4.666021034090657	11.51013210628116	32.792639739626225	14.537126211036176	8.312638772157982	10.409585249976779	25.89455385427189	10.788392126258925	36.642651456680085	18.211420196606603	8.553903268383584	28.461062119845256	26.313804938989076	41.2739612085384	9.38239461690895	4.12536617460996	7.7420248033913595	5.99627290486388	7.454827085215766	22.016437081521477	14.87126694722074	1.2515343293955121	14.82474200886791	19.589534972055038	10.905118857289068	26.606752129721908	12.8265393970582	7.996434412972095	9.04870048614454	8.108649412420224	37.18712434446297	4.201670580755562	1.4635322494984062	0.6780699188311887	0.9933836945171153	2.0510128726874237	4.753843585339225	-1
15.410310324497416	8.179072314102422	4.353026704559323	1.8816979764740898	0.7868348447746691	3.8896585619736235	21.65049410980883	12.212137897593845	5.95807526708048	9.73028660224706	13.473005701111855	28.434126569034163	10.21587086934469	1.804423822761094	5.835592241715944	5.187572256664376	0.8065748362046173	1.1461708809763105	8.120393078932604	17.917370304918496	62.52711848155361	47.14157276809741	5.369379945605264	12.785847187655454	10.954994983404235	0.857818443784998	4.084488065940884	16.174935441859194	21.594257870246878	47.95254569429911	35.33893405940506	55.69451844800528	17.5087694877095	22.02287919100153	16.074670751403442	12.5526159353482	59.754776082031974	73.52757063848922	10.754906432092104	3.814133858357269	6.462891792889758	13.725518696618373	6.515638719436728	3.75365085728023	14.445356333677367	24.40598606285018	18.9680160338502	42.02618709949615	58.93804361973305	19.321168373557782	35.22090668189067	58.631402982515574	27.458179697482304	14.325319030803106	4.93132583349234	6.318362210647875	9.031553612810367	22.326845744050306	34.81976758950938	44.656891894839745	100.0	-1
4.7047508338078465	0.7180066833280646	2.4335730904177755	13.839180393820016	20.055555043051875	2.0679800152397108	0.6980511940880454	0.49764539680065917	0.7691296865798877	0.542792280256418	3.978714689304404	1.8412102811903899	3.520399438174401	17.7751908878678	17.0756976892857	9.715486039682546	41.26518144982335	97.84004959508655	53.26107249871321	26.376850939979914	35.33814936801694	2.894896055935974	0.33821954284476974	1.4372560045052802	0.9624236999673681	9.93218923682966	15.25339125742599	2.6833551884665217	2.918362605660464	4.1645718733031325	5.695559135684754	5.635636234776396	4.660784742339777	4.886178455920197	5.3099716585014685	1.5840082273083564	1.875239166680298	3.8426621150169935	2.367954855768378	2.4498386274541275	1.7681669557067907	14.798626941982564	16.049659442611066	6.8105203233304765	4.993488277197413	5.675214914501643	15.680778846703655	18.69390606875024	8.969542274151811	12.121537563460715	80.09386925878874	100.0	100.0	100.0	100.0	48.582846932056576	100.0	47.474259242329744	21.75353877159682	27.917944560038297	43.07499902094672	-1
1.948129517123113	6.679868434202195	2.764762259696221	1.3448311520213838	8.823819842541354	23.612055834731912	21.58262696267934	30.24670198384934	20.588979437906815	3.702209093683601	1.3317004252316857	2.999253424270946	5.713692543170132	50.40977302125365	6.057142658895001	2.3443813643358666	1.4774496571460585	7.918702167778328	10.534390811591962	2.6342545953916057	1.457785625595925	4.924973237068317	9.058012007663546	1.8483624489424877	0.2918641450005092	1.6990325784501887	3.285676574194079	12.755628903555277	11.246014901308705	17.891691579178683	30.712602678799062	46.469172710090675	33.38140828413629	14.307326801860432	6.862045436452764	2.213786378529724	2.8422332441920455	3.1801875967166184	6.992180284672451	3.96805964257522	1.3789853491031825	0.8543627498399691	12.978142566755832	40.233642497363846	23.457591111633207	14.202271654019338	26.394691731833085	26.31838794606163	19.787545491231903	4.841885971961427	2.891765389601798	11.317879709850605	15.292989285868515	1.2282213705399658	0.4718557473796441	0.37675851817249156	2.7411503659988914	31.393427904336253	16.112118462766308	51.06164702496219	21.16838452917775	-1
2.161428977861679	1.1769918447170689	1.2014332884321135	1.3961503296408808	2.7101125349796757	3.5978384981110723	0.9076517432044551	14.069967952766305	5.13884873116894	10.537629709583234	28.72208105607407	40.33504691547675	16.603216150251875	11.995147786068095	3.342299751382798	5.004685387720699	3.8176228314011205	1.5436106393347446	0.8090397789022081	0.8129445322132927	0.9212206892611026	1.3101131541297728	0.44834346584103163	29.465048731529127	24.23688617056905	6.547421712545741	2.155908542943455	0.3038082750325259	1.535654801821792	4.733739189950853	1.0663745605033512	4.764228813656132	17.026203421897662	0.7604582171120219	3.8219669004062724	31.770618989365833	41.241946275612406	56.04239583893338	100.0	40.187568269560494	19.59962150916825	15.681940112236889	7.508163111174399	9.238167335168074	2.735299374567093	6.486758267709156	24.773246854628354	33.21584836400559	19.25677423206131	14.539282498013467	42.21287726612709	63.34050620442469	6.67470902165487	2.7014532909220192	70.2296888241336	20.15996460687515	3.3935701112400873	14.31290329998139	4.970755255002653	1.0587038950939032	42.233859691330636	-1
3.670439457874704	4.646764768591523	0.7811471663505446	0.3064629557077629	3.558325558298601	33.42168267107992	28.885668957299163	31.551120204182915	10.875725752735589	2.185560625549025	1.5987493642387123	5.648908737975248	10.861489949437065	37.54736850904817	23.037593005364307	4.356899720577035	2.5179914905535794	0.9760261214334777	0.9873276700845325	1.525155704968775	1.266303162969798	0.45793201820822227	1.4159308590733162	5.410060231076609	15.651061042755297	25.31401783398738	4.587123260199722	19.998128548661867	5.492905870486674	1.0588455476745269	10.553102174951414	14.790416349275375	2.6367009533811534	6.381186182143698	6.147333925016037	1.8715164768649706	1.8923369066422733	42.69904990495013	84.87823283942959	100.0	55.73782806071867	45.49026064526919	11.421932228707071	27.54978432622951	60.120903208808585	43.5736882142905	52.56021221301377	100.0	33.321520194474054	42.679117946684286	12.033823672673138	2.3945963084456894	19.23482072601311	4.384857456088222	3.977785117138171	1.0735923734892892	1.0384833153487474	4.775382020114597	11.0818080935841	17.19115462130383	7.513567950987657	-1
4.16654385685363	9.759205456691987	15.554534148441572	12.026557123059218	13.265739134129005	9.012914942418837	16.354074126664713	43.86354283775081	15.059879094176132	33.0319157471888	14.45643726927432	8.25883914891769	13.137493820002486	9.626355278443155	23.043492153829884	40.06844430986595	40.09736748867839	100.0	43.16439209832326	7.580963955972146	23.915516020347326	72.48504435042074	54.17536345610698	16.336930105113797	26.257720913850914	58.46227157111143	64.70718875522667	8.354882591551961	18.48787040550947	5.9813607471552945	3.8132989692394257	89.89841217333019	100.0	28.330497561549432	11.446954949283407	16.912401273524157	21.478053268317193	17.58656525682505	27.076931483062058	17.641899597817915	23.088670269766784	19.351434199211354	4.622377179397286	11.486723847742732	33.435771840127046	11.02332092934153	2.860803849568583	5.592103920361145	4.854434941459301	1.3975117031932707	6.614271928150385	14.402833594706925	1.5872012760408414	4.996605450452162	13.85904321773284	21.61009400701381	8.271077990794733	42.29102979332043	16.71343531791289	3.899791480143358	15.555771578806617	-1
2.4988282334570044	6.497487701256963	23.13160839892655	32.92168783151091	6.4035456404001465	1.947428220753283	1.3651872106680534	6.975509659148854	15.946087374836157	3.320559573382971	0.2855043338289658	0.6471781015058266	1.1131327459462412	2.0099967253584903	24.38530974301319	36.51737535897456	17.804897544131126	8.51258763576554	11.042861799644141	14.580131764756887	11.752518378488135	37.65398939578001	19.04186105850843	11.602755351099349	6.459079728019255	7.656449686599961	4.280671266989681	10.714657822741362	6.77332795543494	9.979693983559436	24.19214094160495	56.15980600497773	31.882829286612047	10.902639066740875	4.492442940093858	18.15731826099522	72.74622397887589	45.207650335421	12.820392313926359	7.283230518305391	6.45428623786101	10.676662915221907	13.813361149045832	10.625672371719226	6.880971456192823	15.827724128803979	7.475110316090235	3.952352657129326	3.8243099383691734	46.060271428867225	22.994754852779675	26.903661575931793	51.64258315402339	14.118628984526428	45.16651260136848	14.788563726597861	2.9798266385483534	2.453310256362191	5.21150587562212	3.9832103624413495	2.6366084273457537	-1
2.19324011839109	2.883233975546987	1.6524479839678599	1.1814039428793122	4.711263310565579	10.966683474564526	7.585058911516716	12.679296016887323	56.43422080508845	74.40704583521185	50.271541016742034	14.862509623038767	41.37894520166277	13.367141979444078	8.150394075010357	75.05383719993377	34.25119433468784	25.531156962138514	4.314252297148047	13.93200468504389	30.1291828753844	12.350665574513036	28.829254145984628	13.92145671897597	24.051130102266484	14.944013854496001	4.432226697628579	2.8737992783835167	1.1394248631309278	0.6528698025384524	1.113695587910191	1.2986138680135395	3.467413065442921	21.773627211261303	16.210920589510597	1.5304938283995975	0.4501108185762757	2.2039901068584276	5.142649328320446	6.469324195960029	4.313842754933364	0.8776044419153092	1.3366581318072446	3.737335347588362	0.5740627897284076	0.23190793635405377	9.396715797410643	22.409452782255254	9.086357950708095	14.80661520310359	38.55942711993417	38.62998149527191	44.96509054603698	76.24801713045518	43.9099853578833	67.37438132027141	52.62985292566799	26.778134615122422	8.332106546701107	42.453878394494	97.19311634574487	-1
4.825662885101128	11.64175979910276	12.838871351098186	15.704970539594468	14.499806387503408	8.871564293423951	3.055939457124283	5.338113512802777	33.90069871541282	89.72389786261954	100.0	31.039309452720193	41.29217188753268	30.728476716466055	21.074283487893457	5.618216625215247	13.167114221008958	3.433994073834189	3.8974396418079786	1.7337369566952607	1.1379554077617209	2.1945829611903256	8.659444304705566	3.783994382902566	6.469084760777877	5.33840093921504	4.258330686087205	4.712561927401051	4.540129412764289	3.713002958041757	34.46802608048793	40.35608377249613	100.0	96.41928978104089	27.932473124887746	19.909756941884257	13.665511735115498	10.08396191708786	2.8570593841422656	14.887674959491026	15.553496937015504	1.3712471893517109	0.808125899635098	1.2869524032729611	2.5216293578898865	6.457256143274478	9.121812678802169	2.373812696743116	3.1131544531710045	82.50996825773163	100.0	71.51671634208424	7.018272982744494	2.8294369754187585	2.154907716807316	11.867795765005603	22.581864969998307	4.510113234166766	10.962490438177493	5.561247937952313	14.92511920411967	-1
0.22446811738636405	6.945949366253393	29.343756139134197	2.816558796301586	1.7426008591618607	1.1041458109675775	4.013105978573916	1.8419151204214708	3.014531560347439	1.9522586293055484	1.0146177911083711	1.2612069097667984	4.806622736539509	5.8535157330233885	5.065313873366038	1.816190785368692	1.1848006013545527	15.195143401115327	11.289574489923696	29.790131171472392	23.109716538738198	68.17159532985244	4.239393660516901	5.752865173413119	3.3482776912488315	12.026623170435792	10.963602368106436	21.836303364024648	7.969707072118613	1.901521165910886	6.143308650078833	4.57036544858641	2.8759979506886055	14.96144824063119	5.425939121261828	23.180318005678025	16.621809345290714	15.875319825395751	2.7319029029496695	1.6810915113505736	4.0061217003013425	18.00104088682098	22.18349581082044	5.279410647196276	2.7035369705463	12.809484791396843	3.3597294213563607	4.764584955959921	5.195464798949276	19.71814090569592	24.681934036233265	20.99848878676145	12.135518786134087	21.64923108792533	20.225055552733878	15.447098985815739	7.767623235980424	4.495464314686943	24.987347465161555	9.508888379726548	32.67257948939015	-1
13.934922077132214	64.95295360737106	100.0	16.424401404743644	3.5915410257060967	5.481190182229642	1.3189883106704872	3.6336851691208563	6.43998108143799	6.150072616296669	1.438545676794836	3.4893997103123446	24.784337884101657	36.45789784584221	36.99966723679889	15.925291969145986	4.866379876862985	2.330678430904278	0.6228554492705978	0.4776828950218186	0.7548563660718343	0.38334755725172104	9.14542887920768	92.20843423463066	72.90545346951347	34.65381835400625	25.228347052848854	23.128562125772397	73.89461959296982	41.56164135336486	5.075192994113866	1.8159860098221479	14.307806587707194	7.248244378195789	10.644058387521536	100.0	100.0	100.0	90.9513199496752	100.0	33.7133395855175	27.977690657525507	12.983924680862586	12.307105681115555	12.778223973783632	8.154300090216088	4.2264052865085295	4.308079937987229	3.4000421772161507	5.688808073471129	7.820484153398722	12.009000328082598	6.236050931417857	4.528358294294346	5.045912298043363	8.64862509809838	14.83565996639941	11.357917605850458	2.2541870379537126	17.268402661073694	33.829616284409916	-1
13.0972993772872	8.663320650312572	9.562823211251937	3.713754824178371	2.073862608060178	1.0021301051063163	0.7989315626644089	4.746802654922212	5.146408115698258	1.4579189839460673	3.7038724162006695	11.168343396969512	14.842259077848132	11.321298811378359	8.121187032860718	1.5838444942356573	3.432466910568151	7.48092319945599	28.422963149770087	46.94897799680906	7.164660912023383	23.854641183095737	23.92704135849651	28.37340897723458	3.1400962021088707	8.668599220973599	6.711667553769269	17.754134083163965	59.88903084336971	100.0	63.33943978115951	33.36573702675033	72.72582228865681	50.29239793490633	6.121412479137936	9.326975146781363	4.85503407245415	10.04366888917401	1.9682753115933265	2.2569933540484546	1.9085710005401533	6.136325337134119	26.00408439380834	38.108078881087756	5.152240562651479	12.608083501242309	35.117363775393976	15.55754594062004	12.242976267582046	40.74194930516127	18.013671423145954	30.085630229738836	6.23240563594887	8.727934506171266	3.460260882945883	4.078100513629627	7.044572699938478	3.1914377230922435	2.1343084773437337	4.081701907427227	6.429772219658432	-1
1.4290049841649435	0.398364557090147	0.6854882952038149	1.8424038779052139	1.784051911665679	1.5537002521505734	0.8446365866848523	1.1735103250289318	1.0462380707600303	1.6393361882349822	0.46937651675685427	3.150017156562603	1.4996970147161215	0.551958200878804	0.9480557585969355	2.747216189635878	3.3930203886021415	1.39543359035754	1.5522856511788288	4.8274867733390625	3.254053319545581	1.2543817538954092	0.8188698072096163	1.0229387417013465	0.8930183550820672	0.533148294449557	3.9655515212756445	7.9173310197449	6.4848383983166995	4.625630066764566	15.569387286253614	10.248573227857051	3.944971332061828	10.907187444225233	3.0703629846649645	1.3483779221823957	1.1215522400013511	0.844545162803595	1.0923723964159002	4.595948626613998	16.04738265196152	24.489360777274833	14.905153298030577	8.080832763141181	13.203563678921226	11.232865933615573	18.515028118505896	43.35235448219045	100.0	44.07983947171393	15.050831009647716	9.503725171424634	4.019459736512153	24.749348247186944	31.051335318981327	18.146740545838412	37.30810762277957	18.49452862633095	100.0	97.96801344392651	96.78099668120213	-1
2.1649956550080716	1.2131928006087622	1.032712108468065	7.689774384189504	6.899917565821548	42.388506069716684	47.89444259324783	7.586529867675192	8.543557618024057	4.9094186563047435	2.1097852277617593	4.834624575810806	10.817113565037415	8.709912763466667	13.23156143461541	5.165647340880587	2.199866346859894	6.167852230589931	29.999837534817516	24.839209180301943	60.460940224257435	53.07673635633473	43.72941311919945	32.481929811477535	6.809811426879752	3.258417191847261	0.3649944092559241	0.3727559840851389	2.858911037765669	1.629551444781884	3.5530800027490512	2.771455777143662	33.166606020562625	33.39948986651744	26.00023682238683	42.13302629089143	38.13431243693478	6.016548397954923	1.6946763384193084	3.5973697456703184	2.4480777875275708	3.392575710292624	11.601725506719037	6.8281906413189715	24.45544998500691	13.656873261611908	3.264219909113864	0.9970429277349271	0.6716345760595617	1.1567995722976736	17.36091030825127	13.605825258740925	16.63075527367708	15.343046607509976	40.751354236013334	73.9842011691181	100.0	81.50066374009414	67.31984210681493	100.0	100.0	-1
6.31970753053429	3.9112349876274073	8.007040607637657	17.63400574464182	6.485332575125653	8.748917243751274	10.378276249298057	35.81429495130945	19.75968796607975	4.702713457919225	3.1129564098769706	9.424531331005861	74.64426144760048	37.110236085863015	27.277408709379245	34.21297779223969	24.707022798379302	44.995529994211175	33.51909269147447	6.184790497908121	2.1979879272875165	7.354051994808139	34.886680544075844	7.621181364846045	2.146674052708068	14.126085841497966	6.936799045584844	7.654440020724366	4.032815846642626	32.72657716184936	55.97336629022764	58.76779612126254	22.059856259888097	13.708396488241142	19.447184601579785	37.85470529512876	100.0	100.0	25.825984273685087	6.089938611358986	6.012068805035527	5.597041461909971	5.242568534842615	8.795383954145434	15.691190966449227	23.942319081724296	25.897381263969983	15.262054985312757	17.463282669420266	4.578815727755725	2.3264278242866143	3.5656349302407313	16.847376434903172	43.669280978709764	29.268699179960556	35.03057910606209	15.56375718164003	3.2665684925468175	1.0676012782514273	11.710021531168625	44.431670581890224	-1
6.328117220039974	9.768675744548034	8.539450459825362	10.312404754729652	13.29655320967532	19.966584229701446	7.18993991752903	2.8798981042843037	3.6052878525456746	6.331465821286168	3.346533283029597	2.4438731138981566	4.680775322749331	1.0361000587407552	6.928811793291918	7.0504205939173925	4.314023402121164	1.1892764828622855	0.6345691247301768	12.850283880318452	19.892881747478018	100.0	70.797398216689	69.04477879923317	21.77967436288884	8.353407652722673	3.0608841761055743	3.490533187668813	33.24055438805168	9.040476333253478	4.218135060258857	7.203477157888769	4.051038341836455	1.4405494070261142	1.3976058560664235	17.14519298222908	1.7189716073088914	26.797670289284223	56.12599961785427	60.65457526105631	17.491526922986296	6.609055682666124	7.2677808606844385	8.762991251675444	26.614517541034637	22.9659345661616	12.076568239715563	12.81674371871171	1.8544553868831424	16.41474298195526	39.75981603041914	43.255151345141684	28.33982565227114	31.991495713967048	57.031367855970565	36.429337545365954	5.816710255109007	3.0896140678772888	22.77756350386227	0.684740811458211	1.5968129967437508	-1
16.535524417263467	8.902267287771108	4.351850050440537	5.828291662228965	5.115313339524358	3.790536470708173	2.2168746453488737	6.64183178178722	7.373527095385973	3.4677681907932727	1.2293492699824005	2.6802201503308116	36.16105256129065	28.760037568722925	62.67426040359629	14.267741745587726	4.5068335284548	7.2528175310478415	3.894023267665602	0.9912052337799788	5.207301537259271	1.6939909261647348	14.576043678687903	40.52450024386065	39.46656016343263	21.95538939022968	18.279563310664745	23.915699217408978	6.535465328164168	4.305409980824591	17.98313159894257	3.5100523843918228	1.421387010344747	1.1192534636461668	3.4746945873563932	2.9525137466963094	0.8541523761216165	1.417334679929621	3.6024126854050973	9.424486207936491	7.465925467754933	13.347826695832074	13.08411170970613	6.499745564549828	3.213707240009905	7.882753156346749	10.117668874220945	9.82062216993972	7.298064572542133	9.898614215972026	73.1264743966729	53.74155430721341	25.614274173888468	9.464462381437732	7.233091964705937	4.436611820945746	23.262043372474707	51.010499103574055	24.399525444571633	2.65328872797791	42.12203057619831	-1
8.592402479860215	5.0802991470090175	2.3390521952773295	0.8438474249161053	0.642575932157988	0.8125622348913285	2.4022427241778876	2.103944248745031	5.98024852875491	7.647335367811264	4.18812432622653	6.299893892470136	11.426584714045458	4.019280076252238	1.4675547577702794	9.31590534188318	1.757804941375113	0.4387492940794734	0.3916778073168404	7.955174096956967	5.25493467636497	1.4935482243331335	11.501504595580924	5.005549608769424	3.09653074015519	5.23180294679594	4.459701751396224	3.741951996249641	2.3717687929150073	4.273643421605775	9.2296505297952	6.731309124250472	24.54975610752657	13.980705211434591	44.99804127661725	40.90385174622206	50.4919994925583	73.70858500016837	12.300537708626381	4.227667930842228	22.61825346064389	41.96984291127875	3.3085045536226745	6.520083038361176	25.10293206007131	29.404254400972228	22.996809335167075	21.738308301782084	15.400849106703834	100.0	44.027616456513414	14.184146447045338	10.359746302041321	10.2993296740881	12.226720991668369	15.329980683625804	8.897728286703126	3.955842949559935	2.871770801317224	6.3372534412401595	9.925568351593096	-1
1.7797066730105064	2.080964753097367	7.227575419527555	21.126887992854982	16.377289500665086	3.8506275521589686	0.7314391640959766	8.522135884584547	55.227145575722204	79.44232468054619	16.61300843505224	2.8532254966715254	0.9224745557049792	14.346013588918101	13.133080539879893	4.382043667775746	17.657988698078768	30.909319883713646	13.376841306678736	33.95601193874267	71.4349861977293	48.70323688025938	64.6686305705427	97.33989819892928	20.846292321112767	20.29113522847137	6.484221041523243	13.418386944191196	9.407698014312043	15.111819333739083	5.22056182994286	22.696060398049024	63.266399027764486	71.32957244835478	100.0	50.3032477660458	10.96846742047789	10.431764335075876	10.450334493431813	7.735783476948609	3.041264059225663	2.450472669027427	2.794244260935545	6.332047959053541	3.3567647055167735	4.40585352434083	3.965342231749871	63.34451858432721	86.14026813892026	91.79633379993162	19.677287536517568	51.254087394428254	32.61635577523762	42.00841419635545	57.11131616950076	5.841133481468438	3.381196014679938	14.056533885581333	15.012775467723745	13.24376006960719	9.830347106866562	-1
3.551488762090416	2.262263138741243	15.015606885417586	9.821595938846492	4.482132075153655	2.82014790704206	1.0476014144742165	0.9135176544265244	0.9947953038965944	59.2706944603846	58.34853994161993	43.53136657740357	21.382384422768677	6.421387765183314	12.965203695549805	38.56963096659555	7.163785495447014	1.7804520961687815	6.608693724855666	5.7262816093220765	3.171952492678129	4.831902901037673	5.385733753629729	6.113295402321499	4.85892402431406	3.0089178517854926	3.31864157800715	4.2333963807889665	4.3057923647667975	5.3427428427334425	11.010541025021572	9.065306260684608	8.395389289911817	19.279769725737825	30.707312427102043	45.945064014965304	44.39493421820809	43.5469127084705	8.339922020164515	2.8409286282168504	3.2612389952951344	36.93755783125454	87.8468083004678	18.171576120405767	100.0	100.0	17.04422793150285	37.35847324438278	31.310932870012735	50.615913368075276	32.67329254676039	35.68671277738766	42.318084372750675	46.552754592025295	36.7552602290297	10.786359265500783	6.8342600240400175	8.11256888735858	12.114390664393406	10.456030695483902	9.847376204056895	-1
3.6053776961743345	2.0498047928865564	9.226503133867265	11.718848265808843	6.264739960902261	50.569662753583124	21.691285335180016	53.425283829129775	51.99201492286453	54.1542538842982	60.10335296895356	33.778521611699205	66.80110757864702	100.0	77.62201376340698	48.031256464723604	47.73391332404299	14.262309772016511	2.752827410540999	7.211552472823515	9.962302375672857	16.33105695942574	20.773964703897157	4.73437898675139	1.4138719453629334	5.489388087815414	8.639676466002182	6.149338208342111	8.721435672108033	9.123950151422065	65.41747451081856	23.752965818015895	11.157602325931213	2.703089890821195	2.381498752210658	8.200832088214064	3.7513887683227303	15.191573856621833	81.88281173188491	16.31003108763797	23.209068642418504	43.389175838243986	36.44864016495168	20.401305035849322	23.71495375424538	4.762974801331974	11.075335176772422	61.681723875024005	9.798216278381679	9.427068465291205	12.459713686565	52.97859755462753	38.04591202880278	96.77542894408082	100.0	100.0	83.99313767790827	100.0	100.0	100.0	100.0	-1
12.286455558602402	49.45014196252193	54.820538233272465	12.936204528982609	6.200073911336213	5.597005208708693	5.901086312352959	3.928486786487828	0.9569448243617648	5.038405045269284	14.006272048724618	7.0251057134915325	6.2252946785142225	2.489799666988835	0.6961948404653313	1.1099975900739587	7.54291641301979	7.706144477830999	11.057466898203545	5.01393526446387	10.28983578084423	14.019787640979324	3.8888084909719636	2.682491927913859	3.3746815521692244	4.979779335501509	12.459666039180611	2.747212329252272	11.056053992831075	12.678409054260653	6.210275508668046	1.9313482926099874	2.476393975302567	11.682768253332455	3.4737559967541034	4.090015335549996	7.796465317945107	19.891491729137215	6.922436328747343	2.301766599224569	3.0630449446318746	3.1784143571372647	3.022051677551813	5.660468830853928	4.791575677564029	6.342964653242809	3.775578079594916	5.709278165495882	9.293705638835933	3.3685597055789582	1.1460709305041412	1.9135945050359164	11.954040116209802	44.56553812842916	26.31736737141286	11.825650095460649	7.981509343828607	4.292603753446001	8.371791553891176	2.267570811172745	0.9945772418508585	-1
2.523348214703234	3.2305747771444238	1.4372496142359028	1.7441610945230257	4.624102081504581	6.947853632184085	3.373927147382476	2.9651908072050404	1.5044863894530138	0.723759565490045	3.4068714360120684	5.758600752779403	6.826662534979792	39.42335658131747	14.193228783068136	8.768438431063204	3.167473752753987	10.69199181012399	31.851176374180266	14.010491879061158	9.202388585899836	28.078009113351627	61.28905121166587	100.0	34.74903233139467	8.066453469546643	12.084722307748422	14.223089685515044	3.1870052231027954	0.9559999405032352	2.9267386026391478	9.733034595899545	8.541489734072552	1.0627392302486103	3.593612878353847	1.577454037549029	0.7102548945333471	0.1814181001193638	0.6322857272094269	2.021018978141034	1.0166690088096126	0.357225777854769	0.1768365003033176	1.7576107809075472	9.113969747689149	14.46133576208564	19.97886023451446	22.970599937542048	8.69799219479075	3.475597504827529	18.981317344029115	25.88040720279279	64.93875651979822	100.0	100.0	100.0	62.41193344330756	41.47540489086394	24.214962802102452	2.681522395751681	2.182003799282446	-1
8.884730554595757	2.7311136235405375	0.864703447315161	1.042945424269201	1.8811352250317848	9.163505827104446	11.58953126371451	4.975745912013424	16.207463559407163	18.88604833107998	10.685060703144398	3.3698597693490253	9.235552863314703	15.019142164332033	19.654755134579652	74.07551232453396	83.40620579906427	63.60657456105566	18.02369412796929	7.477882486545877	2.166920531909705	3.4002904427062863	5.414852799185702	1.8291547168963513	1.0212566030529169	1.497321990559473	7.977370080667	3.1305446963051518	0.8546500763999326	0.3583689781504289	3.6011602358416517	4.881716856391642	9.783211647764537	7.7316839480819315	3.5086211184129406	0.560863350028445	2.0511366559006388	3.816295226573753	12.43972750872112	40.21905322983095	76.43332925484295	36.72175109359777	7.1301908947864305	16.00346212297506	2.765818980047071	26.308821778074858	18.085263316128906	12.998423565524053	10.325346852593983	34.80974615951084	27.006159260831122	22.966615017232265	33.385843255416894	13.482001899930221	11.761897500019952	24.14307102512594	100.0	100.0	72.15513296259925	21.3733181574949	22.67281690789766	-1
2.0200673386647496	1.4935589649228873	2.407969582726936	3.385523130585255	0.5532244719901059	0.6707981543964298	4.351181304574786	3.8599421492455197	1.0010308919193407	7.524543305136377	20.88426893114211	13.498466271126482	0.45485359950282295	0.19719038192716493	1.4487954011789546	0.6334260069258798	1.432324039498474	5.5568378291238085	12.308737173533311	26.59912041462634	29.467836751812566	68.50318280322176	31.20435356827315	29.551416826566697	33.54931593870374	4.347927250707787	5.574656539850068	2.7808258764166855	38.289925051002015	63.51551040114185	59.858425315118964	40.99266173984158	81.31660089609665	55.272901310852895	33.68593273845498	16.919162634346545	31.179013308702416	22.878155122694743	5.923542590326841	16.074025568072287	16.28897964470411	42.986287140304825	30.64518951334861	14.496577413203426	7.5900304921919455	70.39066589507124	53.6584352070206	11.532657252447924	8.12104530626547	13.742017268193704	2.9895052087141853	2.8759113185978706	6.86628410752702	9.18125297871102	5.600402771591871	1.4514028502109564	0.8488145084821838	1.0465086040559168	0.8758151252436718	1.637960927851617	13.880289655654128	-1
