0.5054233042086715	0.49087655426636057	0.3133122397757146	0.32059867598388714	0.877201356862637	0.8242554763428116	0.2281293812364551	0.5143383130490092	4.203433453061512	3.3616246540712598	1.4211347442434654	1.4858246702027302	3.0719677895950146	5.499154423895968	5.56986027129148	3.324450796373371	5.401976873793674	1.7175844478257667	0.9676443534781423	2.06268343709729	1.0929443558168799	1.1471802072414192	5.858036788697901	5.265486939936409	3.7330905648562154	8.026639095585239	12.35822974425052	7.019636970633709	1.4921646728869162	2.069687040439575	3.722145800358125	2.1887668561682907	1.2210540189926204	5.358248535515295	1.4615569696334547	2.6438911689053266	1.7085376400123553	5.444142633249899	3.783964138267502	11.67570162366349	11.935492846455046	7.6647944807074575	2.069294867747886	0.900109807059323	2.937068070871231	17.971249448846702	100.0	35.05795095615614	7.996547616378567	25.503200749192445	33.40920129389944	11.225111800600535	5.579744851690056	23.40680297487363	12.491885328429808	21.823525692595386	40.75611414405292	10.151947551621593	1.8498022094832134	8.897554110550338	48.6566090283307	14.593502740209376
10.082442442754768	7.488941333651537	3.4330144355299077	1.8266764969931957	1.4136167391545043	1.4255868460090486	2.2972545398926534	4.377521591669916	2.1244376758082835	7.123709082142734	2.290075277302489	0.6663823894209041	1.0251868290228987	4.816081364636196	2.298294808011348	0.7981657796519676	1.476850332654944	14.309933324759992	19.735725373716157	11.380874694573725	5.820991839998147	4.431390502179613	0.6121178811713281	0.26710194890688965	0.9675826628394447	4.092198368733292	13.204312556395207	9.704793400754928	3.49248453405291	0.8796186688702282	0.3155245582340473	0.5284121955357323	1.1044899923212783	2.096260945742972	6.093868101718193	5.080866695962566	6.540770490611646	1.8263607641991937	4.470947967115668	3.626062686004634	1.3076879345979304	6.264819054001828	22.508413953811488	7.175117485901706	9.740677631201045	8.165760563695537	13.55925205725106	38.47307389001529	15.759195187919007	26.71187735633562	11.127865281114524	3.166397558112542	7.111084801258679	9.852471996164011	8.502685383506515	10.297437170966871	24.079739837292536	3.156622727665496	1.775484610763049	42.69520192874003	46.32806832934901	6.962718620062165
60.24543860691907	60.636048565799626	19.07255041229472	11.878580835817665	8.045149169601356	4.741844024498018	7.646206461080202	7.163992713645778	7.582470926663813	4.930907227664092	2.5558202954936893	4.418082156196937	0.9169002810567968	1.9582815125931	3.007103405133476	3.183999550511122	1.7955549903528651	1.2189110064040292	1.6847435629881904	6.173511371507298	1.5600434166602144	12.402744099107952	10.488421558287554	2.2850989498181815	1.2998659110937445	1.3519208393468598	0.9916944445823163	1.4453521941113654	4.510026684719448	12.101173202360801	7.153319489697419	1.6671165757911592	0.8385196470739698	2.793643378209675	0.7815657013688269	2.137443677684869	4.0260547008487215	7.138258587819973	58.96388666300478	43.5849244782161	16.81008151779621	22.826337722896156	2.9109819907042196	1.7477174515569662	1.5773487863512266	4.760305799368013	1.765850759322817	2.1776943608376835	2.1539323280551503	3.1069069780314993	2.0484228536901643	0.5503596236773903	0.35572477112718454	0.40118253561917167	2.2410917081743347	19.09013308695187	9.575874378942276	1.9720130413355481	1.536711537871975	3.612973664940839	10.102206645863523	8.012585756725136
1.251874762613341	0.734707735006527	0.4659885006727495	1.1004285540064993	8.23313637010692	3.7282963443892996	1.2952354147202134	0.6148486329026865	1.1983776704268376	10.330609986112275	2.985473517363538	7.7506761318893025	10.636856511928075	6.5553988737791995	17.318368706545048	4.1267055745404715	11.87164192827053	12.480713254875933	27.734831038997772	8.541571500014538	2.1746229283868805	0.6858549227257696	7.118192668306449	6.335309070027785	7.356036612313286	5.3827095605766875	2.3001189287095483	16.31544057652364	22.057183246345154	15.063630409469384	31.356752005190113	7.742845874102534	17.893663781931618	14.870625196738802	13.404324732638594	10.764303675278732	9.770367465066078	5.472158700698672	8.575584108700935	10.053733236451535	2.695669867904402	1.7411385858578705	4.444480325441005	2.4441885562890278	2.0693271170078145	0.754145104352434	0.8967378810882815	0.8016851265796645	0.8865125979782934	0.5441870070288168	0.9665612666848165	1.863788923799965	5.917997663962522	1.2291041185856388	1.059097147592951	5.410133578767165	5.989491546702282	1.4073031482396896	7.415107957239396	37.238217490748106	16.520756463904675	15.592548887396532
10.422974218144873	7.175355951153588	0.525677337673909	0.18515245920339218	0.6229768922548371	1.1944467402969052	0.9746534027420164	0.3131648561031424	0.4293069611172712	1.698387559844391	4.010314289549956	3.471660866071761	3.611047114760572	1.7060599558607534	2.8502546175746106	7.430825178059848	5.8784764535341365	9.997078343193389	2.1146508784673164	2.427824068315457	6.977635293653387	5.593875902692105	2.7429687586967004	8.220246041508112	10.39486805805457	8.103894022370895	8.276356610022095	83.99276420106054	11.492333259016652	2.2378823900224654	1.0238159581028956	0.82279303119441	1.3655434085418343	4.39744213266948	5.431633478436037	5.014228549528769	1.8688712640509306	33.78189690185653	76.41669038993528	15.375056867178985	8.828536066337701	6.355209103965478	11.864073656253755	27.300971522777388	14.94001005541389	14.161984521525683	23.430119541313875	21.64299452914329	7.005153732740865	1.7511983949256198	2.6697172834501353	3.7293404755073962	2.1842787025698334	1.7465893825606713	1.311502937169113	2.57663264720281	5.989702091431572	3.655980555413909	3.55759095944357	11.985763142507455	13.740343251437828	6.270542639463622
0.6151170724928284	0.5445428634899	0.2961988884072594	1.0304815274122294	1.2335003120438401	8.05907867862894	8.17468457418488	55.924934106762564	78.95677206828687	47.11271939699406	7.405758936422869	23.51135853434181	25.50266012099138	8.566258673061302	2.7301699088817917	1.1131477208663612	0.9799309324289218	0.7597238645911342	0.5588973863652739	4.2369129198746185	33.6942194869951	7.966550387550156	4.556993925804417	0.7223446193010545	1.1861335726704965	0.8146801546670619	3.3435549440270007	5.376312015820903	1.5189003992346533	0.5236318116758523	3.272317415711024	22.295912906287807	28.32624980141378	10.723486717880055	2.3499384996197263	2.317337647525633	1.514068002619299	0.6640967100877049	0.6073321403283493	3.7174099794289095	1.2515053192721373	0.6145302182654011	4.027735470700789	9.607302325586213	5.927965836231706	3.3079548877262948	10.427849935361243	4.562680860939587	2.948497542395639	0.9815804627327334	1.129748428121489	4.413333706736122	19.07562100140993	2.7337812916741293	5.145189387730196	3.903888623146255	7.420721756053813	4.8392356472467455	2.1834150095168714	8.0141243158012	1.8124199351657513	47.5526737682397
7.420122363885222	4.149731590308851	1.528352257764235	3.0448446725301266	1.134713833131575	1.1034949910814589	1.1819275562812108	1.4574258291038835	6.100094307399428	9.57115606266219	10.537534807757233	3.404989322094106	7.390559066333159	2.750028233199909	2.0588500727398764	4.514454710064584	8.284471318372477	3.554605363560699	20.45306130304852	27.037178377426063	30.13549996183014	16.790830888085544	13.743792621628282	4.527261058744893	7.2359341988468655	16.54254296252021	28.583623483813724	15.905758301748556	14.31664764969468	5.438549266224293	2.376592227614717	15.594931818931295	30.44022334966117	14.20789188578517	14.180466363518429	3.5977744085906895	3.4320882972912456	8.86165450329068	14.510860570291756	19.39206763732266	5.679048168194102	12.029813135902346	2.674071644246091	0.6332218785231981	1.4916429440013654	1.3736031335173422	6.755781618074964	18.634962905967615	29.250493455605536	4.69200900601425	3.3542045633659674	3.7531233357864147	5.6061988869144805	2.3562723243878403	1.604217553495721	0.7446102669864336	0.5197021017293854	0.4127599761858878	2.4181217214725117	16.552521305556176	10.551098581613896	4.712778927884906
3.5261813168476714	41.07588829421423	12.180810897147486	9.53322061355904	7.3364629458871455	1.3509388561431979	1.4054508187174903	7.281654017291939	8.848896792675594	7.653920029014694	2.782256934760793	5.301964750457755	6.5927369811667935	33.60197938254269	34.80130372173111	20.274700613609745	4.462738636295114	3.9030211749581105	8.74287295320551	4.4339202708942	5.951479154004025	8.046714337078585	29.231987725939668	8.96300542775856	3.409611756821514	3.7521079179112364	5.545894822524308	2.1700495298348943	1.7999431366816117	4.204983670512468	4.181480274978609	1.3216078764441601	9.389812798219998	21.781718228756812	3.600216728096509	1.0003010126740577	2.0047332135059777	9.119621477128076	30.13539127404792	88.40926749459325	19.666494379162437	8.693801004369544	3.5364106901926706	5.921008794770156	2.7539052112526026	4.317648640958861	3.8215617407591864	1.664739716337794	9.441309658335289	4.7035391786396135	3.603392297797872	2.652530527558954	1.134412408761639	1.4724345928759779	1.7810288807745855	16.272232751584895	12.791701614367337	2.7454129925304143	6.70659701722834	11.903180070044709	6.083101455477019	35.19502436927345
4.104049548078048	4.867430557408381	1.1267593921807721	4.533916869453991	5.560637732424109	1.8112351988130857	1.649559689833259	2.8025135249535813	3.004999546760853	2.5052243619884855	3.042019991714786	6.813279857080257	24.092327986652155	3.850271124998128	0.8225246150792231	3.1267506931818407	2.764104942760089	3.9921712172390036	5.799838369817205	8.995702951996842	24.390243106663345	32.267511636665084	9.403795506144675	1.0588547954468819	0.9229107142593908	0.8194548922547519	0.5834088586303737	0.7454819232820147	1.4649021431142832	6.894146367230528	1.2173405518282905	2.1477358465004817	1.8167387064911262	0.8154095424098303	1.6357594888327036	7.2567885398257435	4.470738025940554	14.963398503613341	3.2150775487734724	1.5882276677212364	0.6844147264945512	0.8796964711462726	1.3546376759722438	5.095502459180674	6.054643121718318	16.310700774450098	8.495085907859375	8.345038768527562	4.167153443048071	9.813046641452118	10.915187891416972	6.6696707399660085	3.6144206096580294	2.0982886007425168	1.730697777623205	10.28283928454861	5.519275508261084	1.3401241285278145	16.163038182971615	7.848588536871579	3.912245467113086	1.6065422073150972
10.414924629425693	6.224829748831132	3.719003745667055	5.902331721954278	3.363859281445593	2.013136232468305	3.8936277485815394	6.764940260300829	4.404891503272262	7.496305045278204	9.71353967916527	6.801417438495654	5.696827350073988	6.426009238543713	12.863192679362292	16.148632613862127	7.895173106772066	10.481288441072918	11.45237520552939	15.602309838894227	22.575877861535982	17.094477027751072	7.076645514391454	3.3799231180531346	1.640712185250967	1.0922255237054412	2.9079435726214684	9.581343755124337	2.373746542599534	1.6383638684436241	4.5781391316462425	0.23939663823968896	0.7639287817070092	2.2551958027723398	1.8978306342224254	1.534700884355251	1.257588594666636	1.8091389696160851	2.055910741180716	0.7335336191883174	0.9023647455418334	1.0095867862236496	1.0921672069605846	1.3840007420261276	8.655416836399423	3.174814757964253	0.5997793145035206	2.491673828879888	27.55295748175086	6.863762395901128	3.8162287114355986	1.5144665383162328	0.6033379477459603	1.1454967658328306	0.9212131935873327	0.539063357893851	0.3728410633065925	1.695243200607079	8.191469026547502	4.590206871625169	1.6409625468427604	1.4195948671450178
0.7780385277358031	1.1049564959171723	14.362935091714052	6.094682483964839	9.666739764872446	58.564718235522825	51.534731252860425	20.15996460687515	9.775471064660138	2.742868488146716	1.07516079116205	2.409098943533852	2.2456312423686398	2.09146381573061	4.031080631013858	1.9021330305813524	2.1836399225815533	2.0350872107857603	2.1693097136765473	1.2569515459820868	0.9918322897826276	0.6508180380275268	0.3632080965389223	0.46861084552369403	0.5963850075398055	0.39411559772274074	0.8147202902659666	0.48253327396523754	0.7008190581498464	3.5805495049208473	4.9125818958318925	0.819137633353817	0.39278223961994635	3.3466968515915756	7.199429592828702	2.0726098276696416	1.1684321807883782	1.7718479153872508	2.1362495348036843	2.2810605305009317	2.1557787895571607	3.5104697560830997	4.537026711123262	1.8946818436669446	1.276632329605914	1.0195606508071937	0.9649822540540125	1.1056724790376466	5.590981967269778	3.4920990616656646	1.5628026414846128	2.6052433564474566	2.5275189782941077	5.142223005482298	4.498157140327859	5.4200507066064025	7.133366396596367	9.002787391809244	10.315664964165862	9.086439643242013	15.239895869089137	15.409957500196086
0.2082986767917087	0.30874843080656206	3.240166189114826	14.18608990485995	16.923099540199033	13.12247762569654	11.679375789864961	14.241396223792034	25.757870462623842	23.74833440082678	35.762985564065005	7.5652190849588115	3.9418429842026472	2.232962866762687	2.8858681108144717	5.90062166798928	7.353159383792331	10.363086634526413	5.076646856925874	4.116132565104654	1.2903730816795884	0.41098251897007415	0.3118839455723688	0.3003448074656335	3.8182197306279573	2.929920510828851	1.9276222234359028	1.9436607315291219	0.7502297667195579	6.092546627582351	8.415495820827621	2.3569518407057837	2.782579162267656	30.446941776473906	44.57919978739995	6.602327969717833	16.700100366538294	24.198598077603375	6.132088344746085	14.126596203442615	3.972117005022216	9.175012182620515	24.428486649490814	3.943332755959923	1.2040136479901775	1.915801419447644	2.0441532328804755	2.0046889664027128	4.719859836257819	3.178508338393728	9.07603241110105	6.005262400374623	1.0807375313351733	3.6934955437792842	5.833410644870469	14.493902186613663	12.83201307726156	20.700295140931814	40.93137025981378	8.89005525108488	7.055144648770235	17.4337980838207
0.4050255865097475	1.2171992055859078	0.5530844664769743	0.8133810529625348	1.0619517161133674	1.2615346812367116	2.744945333574532	1.8345076446042734	55.91290351140994	14.585773164637528	12.508475855581002	4.011670268186058	2.365675385776569	2.8538091511785293	31.875859250712242	44.245135901631215	36.25658684749296	50.413852925094446	8.607808175040537	1.5761248923794602	2.0429854704807857	1.5865714317241597	14.042970941753143	40.49464015868595	12.214863812510492	1.9249612618516938	1.0630944608066415	3.1103625275563953	2.1526933143230966	6.314681745081826	4.62664139195801	0.6918968875671521	1.678401650921612	0.729959952903149	0.24266249089064834	0.442583914646224	45.636870033148284	53.956174376551	69.66330924933878	21.300651591121692	5.398503922912849	15.308328898387789	44.810993260977234	15.495902690334958	7.498968975786812	5.974505593745101	1.8887684999090044	4.328336300853329	2.084603914910109	1.8186700328017233	6.380980264595675	24.42214811569914	99.5904566358997	26.546742381004	11.529087291457417	5.518288484515003	0.7876895333219378	0.3536741928249466	0.1822282113522899	5.394794999363708	4.951329850649568	10.20664403165579
2.6715039997472747	2.8666853308481963	0.689212559600893	0.558026261991667	1.1957968795047005	2.8677467135165196	2.0914832968329855	1.0821093005658622	1.2237343895899826	1.6815639181599675	4.375560934240338	2.7541062653409734	5.8248293568279506	11.772166940966082	9.805209261539298	2.487402218841838	2.8283389766048703	2.8133480001412394	2.067584180460604	0.8597621719495593	3.1444663522732657	6.742580746035049	6.297869523202118	5.909643850099081	1.6621664316173719	0.9956351294224566	9.770757099089094	21.445814008969606	13.26562771823385	4.3062680678813665	2.3194993644605293	3.319985145660135	1.5305877587706436	0.5788375991914616	0.6573325107499409	0.2950006325181331	0.39490727532715975	0.9658937977731283	0.7080568663629206	2.006683231328259	2.906308702152698	1.9223789552787036	1.578495940686866	1.5885900568083187	2.169263854341093	1.6485768082118664	0.5007107204955693	0.2830551217265536	0.4899706733684623	1.5610793105608498	1.8128912406653743	1.8450377611156643	2.056893005825117	3.864538677192821	10.764428860920347	85.86068606467721	63.3840590557552	20.386774331273077	13.244246509601114	10.906086362523302	2.4906223596230657	11.02203037725465
5.716055423458295	0.9028558585783042	2.608492140270246	2.0524921684421105	5.274737742647621	1.7557134952079418	1.3062249979643392	10.356195823681674	11.65468520185077	3.246676849417402	1.1580770979638932	0.8401614025592918	2.503657479645261	0.6820725314011459	0.2102711412878018	0.8699198630880515	2.6768831242538305	5.131113193415774	2.1820551665051595	14.61557666674942	7.934185062055922	11.866215900212106	15.786155271296249	2.7854748211313765	8.113205494275212	44.77976743877982	11.630616687309182	3.8691444015784517	3.4227486385269157	9.90622705913634	19.136244171527913	2.8881052945071244	1.9140830174046342	1.6557356533577394	2.317964261168878	1.2273863939964664	0.37800554729007085	0.3908511096894319	0.9622157571039947	3.9942987526577896	3.210145482488018	2.2330116082295404	1.1955296815397958	2.285252144751191	0.6836454742366161	0.45304380552503093	1.7741539176310346	3.929028732193988	21.586958948392482	25.817361991418856	15.439381007455678	6.784430780285861	15.369835656563602	14.944173664984202	13.316724609966746	5.386716491367303	7.670444163474899	5.43846855621489	6.152896687757026	20.359757937739488	50.58211096096519	35.63342478265489
0.4202257213602706	2.5364732450316536	2.998844535538322	0.2425765726703535	1.630422900131371	44.80314255564635	27.34600658660032	17.708850424467784	25.431014453401502	16.026432465297066	3.179640484805785	1.4747297541842117	2.507076006390985	5.344764341753546	4.148436565867023	1.5166842856019234	3.257672424322539	1.3418864348282993	2.765907374702377	1.8484951075897893	1.051622323975718	0.7352716407318359	0.647508251782904	0.7457276615822442	0.9558454374922816	6.24620142132914	3.6977817682608136	1.4249885997011427	2.022751465026362	12.055740693785781	4.311117201883657	1.1473589945501654	0.8407585874363847	0.502559560289328	3.1682307753126575	11.566937733082385	19.160779353750247	4.307783566530234	3.540864783957748	2.6866417511749012	1.7799469213229528	1.8233487553038359	2.6014764899448517	0.5270658785198572	0.1792872669927261	12.931337297192227	65.33027477059504	62.56386397146252	2.0900582341531253	5.003460765295769	1.7792320968582853	0.40369514167691084	7.397104608739787	5.02029067665238	1.7841328992091865	1.5143594979436321	1.902159928608006	4.879836893167659	5.470247739739518	22.28758774855086	19.84669923738638	1.1886303621481247
1.7265393275797212	9.057191794815392	3.7184119921793215	5.230721011129178	6.250585860508489	4.925612393025206	5.42155856520129	2.53703332414222	2.682089640166351	1.8067993476019542	0.8039928763604418	2.3575508989525167	1.6998558581510528	5.505226824774307	5.089166088871324	1.868253544507527	0.36794989120237653	0.793343552641691	0.965587115096481	0.9915489546637355	1.018297509226047	0.9839183435726593	1.7167831888631546	2.5725128627776908	6.261672666785566	4.198784957114406	3.1689118553239974	5.224830744483554	9.681513065296249	94.15590496047666	78.3382006526512	5.836765727482541	1.6462542068785195	8.019850938707975	17.485799619524265	11.706662408268487	4.406861447974067	5.4884414170520825	13.185968453880722	4.123595033681694	1.4292533032177341	1.3293420986513207	1.4712485604333114	1.0024699633039256	4.689767407452258	0.8216443486807474	0.4325026649538675	0.8764984783023625	0.8419864273541813	0.2888575375058084	1.688267525139284	1.393347932328873	0.39556668014237134	0.32064337087695866	0.6706170391941831	0.826606968757594	0.6276625002566781	2.5808204325951847	2.6247318204794308	2.760428739565982	7.724757882990775	5.238389094486219
2.759120929303114	11.909346358964793	4.6801444026810115	1.8594166642235594	1.088475456495057	10.368788886371458	27.849256753719217	21.54467245318486	7.572077786300294	5.30464612265227	14.883547563009401	4.858732687651327	5.020421629516797	3.351019688546375	5.727994236759839	35.539910345882014	13.560640633671666	4.662382832025949	1.270682938953465	2.0129891964689914	3.9864921610610478	39.84907430255833	21.01940844598809	36.689093243109475	10.237722141465804	4.6203076157766025	4.07547951318707	10.46654617213564	2.608677435619105	3.2221541055668346	5.716123992834539	2.356785102506127	4.221968659334256	1.101847564337529	0.6230509904380231	3.272583037444751	16.19400829270843	16.223520866392413	14.846808339308856	27.547750532957366	5.125463861162453	2.3494798054505814	5.773975534529403	3.078431309277235	8.945600134448762	0.9117275888836806	1.6016359069705612	3.7028766037795204	5.545154715430896	8.666534835634842	13.074903192506735	14.3173611331287	4.463989619144608	5.820324337909674	21.892175665162156	3.0971104166785643	0.6896439543907519	0.7804989901213514	3.73344480544044	5.425879861750184	0.5847804950996166	0.46201076223405935
9.90428301057721	27.98083492539663	35.0324302624921	35.06538170779833	6.744990446210207	8.800298984932777	9.145752044620275	9.926960996259893	3.8589325427970746	2.1040856988089507	0.7142294028330325	5.589509994849846	9.077528036973609	3.684223341700065	1.7234617026297647	1.0696366072492924	1.1614897403287068	7.12840883852907	3.3568909045682966	1.256452375701257	0.5142203239548907	2.5346173966654244	8.499148469575278	7.781455703057751	16.986799764368065	13.526591335178804	1.9097027469626484	1.125611888188264	3.6898775539616904	5.337366249473959	6.099493695655474	3.8339875106131944	1.3477228424627916	3.2890946262185374	3.460180483938631	1.7282979817949216	5.379698219333215	2.7010560784717947	1.6588784612882819	0.8364418633298327	0.7439144534149313	0.6716631165414028	3.8905751157232804	0.9534802994164889	0.27973599488777356	0.45138385545609866	0.9359138748969502	12.83314518427541	11.306780907953932	53.48280819037656	34.4021389862213	21.29597995199263	5.476593404989839	58.96344121140545	37.2380247241067	16.937702581403496	26.45796752127894	29.44285075789052	11.538503918407606	0.39639860175897845	0.5722220062112232	0.877383326448996
1.4208802230597688	1.0993086578355333	3.770823102732641	32.7046263599937	43.68188006257477	15.572282473109176	5.864806909463349	1.528593660476845	3.2168474728391754	10.542968339000472	6.13774490138098	13.388242186143358	24.130478737126616	3.0470980264000405	89.63782615307638	41.90374017271414	28.398592513211636	8.936150158135908	4.627893139256539	9.609413093108165	4.765080961105834	13.490801654154703	5.555336605350131	3.0745430470562174	17.38157450373692	7.701804037836777	15.308509102407095	24.145656530702457	2.37953452578287	8.400229877443548	9.440516644847769	4.979587274740075	8.847712289744585	6.972454332988443	12.23088170528639	8.855224377058953	4.680295645778554	3.0742338114844747	4.088875962260201	3.447723079355029	2.9697209801939315	1.7263025512883456	0.7022229878412022	0.7177326637678672	1.6337341467310629	1.928627933987084	1.374179297542163	0.955069228953118	13.936444713297231	16.983972262272932	5.4901796450662115	1.5867639352948713	3.967565923341607	16.47153473477276	21.476154074108123	9.752328369435359	73.31756269430537	28.16088599928315	6.581779999083114	2.802799702936797	23.73619055928897	45.247693351728365
2.016446349367921	1.4627581667507246	1.1376569528349751	1.7047649638709994	2.7563501955083374	3.7283225624671643	0.9982459743129437	0.3311526640470849	1.432343423386716	2.312865062603052	8.128839499654692	13.355913738989555	6.325271908489133	1.8182839005302385	5.100304439940494	6.0620560185901455	4.471327976390001	4.624755055376568	12.111167406921885	2.2331998107923874	6.483940196057969	10.51145503536825	11.884419160657123	19.927154043916534	3.1268964981548737	2.7883217277451413	1.2853698953359416	1.112654701552557	2.105569659218119	3.2783403677833145	1.9862493120109086	11.355348580466492	3.6433790454173707	0.953647723346305	4.301864975948504	5.9986854340181575	5.135747227413115	3.0697533474835708	1.3332563447778523	2.4288236510767587	10.64513045959037	10.609459992659383	2.5792207623417664	1.2460450659836169	1.7608505140451751	2.2516054707697974	1.5958131270854063	1.4627217184052148	2.9927545573879866	2.082251824854483	6.285023731837482	9.918572442046067	22.544850489309404	15.354119859829872	21.54040108404365	22.59269443217815	6.437430226688719	4.110491507644121	1.197598282453267	0.987213334507129	4.0065302534511815	20.545977023043267
20.199279147379844	44.20429825633699	13.650984551063136	3.0541030021379707	8.698445414444612	4.0855869939145775	2.2450259509422312	0.7938715957794759	0.9454614544786775	7.82626295230205	7.768112436098595	5.85726965915039	3.3751221104910454	1.59174206821731	3.9375986910785032	5.557059184862313	1.8035313722534143	0.9069446859162906	0.7317422314307266	0.5756380686973972	1.8530614172692579	5.726675105259523	6.406495701723958	3.0321873393547625	2.92781158894926	11.381509356737732	4.466773400345037	3.0930499600610513	1.369478149067136	2.419275470169679	9.883148103191008	17.838140993931496	4.126037836513264	1.5059293710693167	0.5748583775680605	3.6550372648190876	17.801602446932797	60.150460765839995	36.788703409826276	6.989427195428326	6.238046065827562	4.241890548090894	1.7690207791462778	6.154507142567587	37.913957755833856	1.7313713215888558	14.94676629238065	37.58167410766366	20.607587752705374	2.9926844626244504	0.47375535712707917	0.3082758475629759	0.20897270220233388	1.0831936149472825	1.8185048806052149	1.4423748098082954	2.8491767947175553	4.013053997079313	1.9608757135066448	6.369958582662471	4.347031983717704	8.141079018104346
9.804248485353165	7.38727543354062	4.484105769384681	39.2798241501328	13.310599681710015	3.363956689349651	1.8855776223762633	3.40640969129437	1.9912118835444566	1.919169852527424	7.7426254371927925	3.823134976801784	2.2530893699525816	0.7985905134404974	2.4803887187419638	2.0021704350314335	1.6406164979263085	1.3101815729029371	13.023191181034528	1.4487399069004308	0.4932504283656611	0.9894805328818268	2.1014323994313733	1.0582126188277172	0.8612810917002046	0.815310572582441	3.7686459426016543	96.68977398948442	36.17663228785451	8.891626929987334	24.743381804596538	50.01503233440273	27.914953758940566	6.269922524109517	2.613913980347834	1.401694490709713	0.5326131063569475	0.4433186656734034	8.214424849512838	7.9099497579391675	29.179870667837402	9.763712701060562	12.024878817570713	7.728456131633936	2.815996445502702	2.455320096670695	5.422856978978047	32.759719885638596	16.625722827364765	2.3320741260882385	0.8046343432263838	2.5819233543068614	5.257265309004362	22.847675829319055	48.50778861039363	17.747121815606864	9.392480896327662	10.307445862677605	6.3028609252805605	1.7088270999717994	26.054911994250684	100.0
3.0230892144887096	3.737181552403134	2.772811553844601	0.8619018853574659	3.7291054128819456	7.948608504236772	2.7786043412497117	3.3461606804437585	4.996690992970811	11.068174287360058	1.0670537056219427	1.165765269864769	13.808120492384866	2.5219993979294792	0.27737067171822294	2.531995434543404	18.197413651482705	7.597531869454288	13.369430614770941	5.013143448497563	2.0394240201788327	1.9614292265106408	16.995005466595796	43.673418259491655	24.54739668182149	3.5477739851512986	6.048215074605398	11.800681163982144	9.772985716879356	3.561849871095854	0.6682327438733761	0.6168127129855652	2.4907957709839743	2.7339306128704775	5.334027240364108	1.9859458140322976	2.622549643589732	1.1282968396314463	0.4999389066230204	0.8193172848639582	1.1352827686995237	0.7838517759486016	0.8732309050972299	0.8352183312286738	3.065761122990333	3.877725979398513	1.5565803380744696	1.1032660214656027	3.7430698757205936	2.6244805490851078	1.8448782815972526	4.123779609135757	7.106223849161491	27.23186652702505	44.36847637533467	28.30671111577179	17.890507330126667	12.703374951668113	1.3347819766000075	7.518331672669016	3.3756532909427412	3.4428721865876515
25.821242731927452	87.61287931239201	48.41313175362574	53.21908935501872	5.616862493842229	2.187457679822323	22.418100987026826	34.059358018530375	10.214223218427884	5.381160132670618	4.345868722304343	6.444663684882939	4.1518093685349875	1.6111517699492257	9.220292771253273	2.9349269127660986	0.6358083227028042	4.357003003093088	4.844858463284133	1.1979993104681077	5.59241190843505	10.288385433502928	9.887881742546433	32.20332242182966	19.56056552885733	8.807973613473441	14.957015192132445	3.3646772121079778	1.571159616633507	1.7801485114648141	4.591858045308036	1.2386478057603176	1.402790261276331	8.547604649368576	15.376195198979575	5.734267613267872	8.272030577673203	2.071122614927251	1.95854369918004	1.351340588386259	4.299581526301048	4.532761612147373	32.36844508921783	37.2380247241067	34.846862970855035	11.741287122420884	17.515870939541774	67.2748883186698	30.132565474355754	57.33291315770558	21.573542612663225	13.209353756377595	3.3923295649029686	0.9158862193048443	1.8655370028611893	6.089673644340276	16.875539718564617	10.997334553933749	4.759117936742765	5.036563262097533	2.4668572871603165	3.2906919853483667
6.3005067475382175	0.7795700986185454	2.6615093515829202	3.5968177291918426	5.148316252409342	8.601304935337835	5.163622581008266	7.285441110353895	9.803500113574447	6.54365856436001	17.48546735374163	30.656512663658226	16.531746680272434	6.549170489689456	1.206202454327674	2.714310822352488	15.438389255269014	21.577390406923776	35.43821790084308	9.559816728039085	0.8481996139740112	1.6182920289606326	2.6964251754747908	1.9623781591508205	3.4790170332563095	4.295657699846122	2.3583729220827894	2.161675658811031	7.298585081483137	6.178574718647816	4.789788811367058	1.5022458741595495	2.3453150050985654	9.87192207384378	19.154038149117564	6.868798157008933	1.8693119673615373	2.0241109143156484	0.4533233815452901	0.437539282109383	6.650238428146219	28.653652090188974	9.001954035656603	2.9335335569337793	4.909748170391562	4.02887196054589	6.234948153818315	9.140669160253498	5.82828298627076	3.244485697975774	9.346495327607448	7.261974908678146	3.6235927706906503	1.2650215055715535	6.074572247349597	0.8766958062901	0.1061025983857771	1.169420203521795	21.937784976945174	47.22469662680669	10.31012210346401	1.929322445303699
6.122048945961001	11.269610637372377	6.200573758250492	8.925575210451521	4.9182524227947235	2.7156089732869466	8.166837120208216	4.262631353879083	2.189121802895798	2.7345425758555924	1.3829807203981248	2.770828503688323	18.945673367369483	89.05963896136605	24.53714407726721	13.201819142437325	2.249971858213088	2.5337466410690577	6.3226986395867275	4.506031769200814	8.285981899004277	3.038951709481587	0.9407411455139658	2.918567167612592	4.515035602497995	2.5383828275076175	4.929712928184561	3.850133528650921	1.7651512066633368	2.6917901593231157	3.3788934023571975	2.8661935935893346	2.7717741062303944	20.610692830960026	15.800077620855019	5.065201486439592	8.439890927526909	5.005948511570735	1.32012240190804	8.002417444103907	4.870828251450495	5.691262203886759	9.038836292679937	4.69289631080637	3.616285834109577	4.802545003536595	5.406055445875863	6.30837437242521	3.857144368685561	5.8972736571285935	5.588708300546092	2.625241160611343	24.5403372339875	19.720985115347965	12.21720957554862	12.930768578925745	7.783192144810216	5.966333431343391	17.350151008750995	7.3409346798732615	4.207898244082475	10.923190126231132
2.0160758501938414	2.3286248158986407	10.019035126854046	2.649207092640731	0.9825617412850076	0.5811107561913068	3.183595256857542	3.2767053681027396	1.304492335064469	1.0308651272224807	15.150695270589491	100.0	82.27352689046364	100.0	40.55584187898962	10.003404407461725	1.854697204524175	2.8836479467620912	1.4486422813748836	0.5467311387048982	1.0182103977297592	6.39995780489083	0.7679869153057389	0.15098398309421654	5.040199719016655	9.953672375269642	10.952088273077695	2.5115192630994274	1.1820132608327825	1.1279439787980405	1.795402374413661	4.100398975980243	1.4245958733494026	10.88204611842626	6.872039394258018	7.38686881483786	4.975922163040798	54.45070282277822	8.602707368085127	2.2173113320580375	5.562402267693315	0.7442119616934536	3.697819960745189	8.434572792277276	10.68961429232291	6.309606358705254	5.634443298138343	9.465848169721392	34.02589421759704	6.910954815949436	25.584570299606238	34.515505010191916	5.7560719352159495	4.695001375587804	2.6987812225748993	5.281882090735625	5.745086536191417	4.234975856898978	4.575511124793119	14.613663047027263	6.409313775319815	1.6535905620658249
7.674935462352883	6.067379832436267	9.557490182318888	2.6996729985430057	2.1202323295805674	4.208395414227199	3.485715268950228	16.6380354851326	56.9953878125971	19.83257864912878	1.8721282266217678	1.1201052359680002	0.9909651178301462	0.8612094943346928	1.0544580841790683	3.5450901964496953	5.078438683994348	2.201040709258723	2.2781269083498312	8.406152653662028	4.328082251962441	2.1151596803304304	2.7183076872295	3.675784284247486	2.4920505105646824	18.226455613251645	6.917149910374127	8.845644065005871	7.764220119038558	1.725643479760886	5.124093873714858	4.912370305276982	3.1792975115397635	4.003051043105007	2.307942360281497	0.9612398788997035	0.6198894097479278	0.4932440052787966	0.6692190027927949	1.3045377418941235	1.0398503457389205	1.8146585902883907	2.8906130720785566	5.813022094029237	3.9717106641175186	0.9920693155575889	0.7497736359215921	1.1421408140506	1.1301347416597658	1.2846484551914725	35.994579200531675	7.648702232278941	0.8597027894040083	1.158651288527218	1.1396813110784358	2.2828484920981658	1.1625523230017152	8.394149469335595	5.094993134528896	8.978887601469108	59.61854828674989	26.548385136803752
2.908675971958788	1.6797657212883483	0.4420255913219687	0.6551087352403816	1.3006117527836336	0.6924030872815228	0.4363573019955555	0.8203439946488743	2.2603217002846674	2.5034696702461483	1.580801897668104	0.7986110263478666	0.6245880161230912	0.6453024756007905	2.382257644848494	5.800142341686002	3.279169286611382	2.9534407433603556	5.370941381396404	1.4947769009951903	0.7174750748508345	0.6065646246312556	0.6991565267534678	1.8509266557606656	0.8422750608504587	1.5779730349118766	39.4521930808906	42.49700104399525	9.081842694975363	6.383847744355694	8.507630126218793	3.598773371366167	1.653898093293072	1.8519078984507074	0.9648507775239528	0.7495588499569076	2.242524364768261	6.319806611545221	8.508684231471742	17.252312898244934	3.4301130034643443	4.224015423939286	11.892655202458972	8.7613650146815	3.2640339282979487	7.033026723458865	12.721311822918763	7.821754040795723	7.814871684351365	4.966970869410356	1.5519052164400333	0.703949049381186	4.761948151036221	24.55695530386675	9.636872398842105	16.070252258755758	11.875165039421207	5.26055904065709	8.152350756341054	5.700409359490656	2.6263920948480592	0.968072290241039
1.498158631916624	3.3126979784064	2.530329274811871	4.369593287714471	4.011553581890814	2.2551583350770437	1.934544389228814	1.7856069296431205	2.1924056234387317	0.6564408719472283	1.745863448295713	1.7791582811520819	5.402280631443619	2.5376727763548743	4.418538526227663	1.8380134171833715	7.753946731075664	18.54784188641141	26.174347953309283	9.984639736336616	22.78086862373287	8.51799116380104	3.5869728079300667	3.2425389826663755	7.307223195715556	6.919367913230366	8.551662310779934	26.46113339477449	12.585354258543173	3.8948365189762058	3.2696774622139704	12.729525682485356	35.4665511035092	58.3890161671257	100.0	43.734402307289535	19.85129132724898	9.200407696732427	8.21187121033168	38.021143429014714	34.57647613729818	12.285136849765891	4.46504678218559	11.788891977828083	14.522604751419571	11.323853727902863	3.9007374753402666	1.1625108163798337	9.366989739494324	14.56800509609591	7.994188663126331	4.925562195649443	5.897000224175908	35.85804879111719	35.39085144036635	15.013861696248224	2.1724089719203588	2.1920135407417765	2.7613256178029437	2.024589212368709	6.003668871741998	24.448149008890457
3.5809830981729722	14.645557748140753	13.610641397343977	9.402900974799492	31.515931835452463	66.51616499603111	63.64744974576064	37.028286147576914	16.293163332130987	6.711851637378437	12.588246978903603	7.261969222166245	1.361314927161292	0.8504608018194915	3.0151023031277413	4.987907421600899	6.322475645021269	8.778285105425397	15.318395280740866	8.238945797864758	5.614524130575992	2.107833392553716	4.317389851907859	4.671091614015976	2.017584128645032	0.8398563928475145	1.586357163107954	2.031080045308131	9.03288190567835	2.595350037457119	2.0462076046857325	16.161259178031298	10.10092096681251	7.355807325401166	5.540818641631781	2.755070680886586	3.846405273738766	5.2958480920240065	12.168268909921407	8.305324392458784	30.172385881897775	21.23602558406153	58.460337538517706	100.0	12.03417735443426	2.3476623693713368	10.746661490761257	9.140167363388686	44.37586240143091	75.61233168438429	23.935406718855443	4.890406072741112	8.60022477974299	5.114047837584956	10.606421422862821	12.576706503824038	11.262092728142337	5.821576408021998	4.2072061073201965	1.782000422345126	1.8068786252307536	7.248606472373352
2.3986789891762723	0.9628278083714061	2.282431107065264	16.97728629061241	19.81917080175731	14.03534878400574	4.050496715461211	1.9974433696683704	1.4715376157671791	4.336633520240117	14.665362718792325	27.94113143167068	17.853883632185852	13.985887898607016	3.871864233782831	2.059936128746927	8.800843602663402	19.500130423698128	8.182036051311185	6.249024484878182	9.950192979919338	2.685455129071482	0.9962417510397936	3.1106631974962644	2.343459128315321	5.76311031376051	9.21781990108221	6.9830434053782495	2.109144716412961	0.6509698663213557	0.4458472978609839	0.9889109559714873	4.568505254962031	19.760567035638555	21.019140655698	7.163490885519287	5.865450219354654	6.572935751160427	1.373637649337084	2.5155264771577137	4.42949507532718	10.651517425645253	56.212688785403444	51.24360147839003	14.556557320560696	1.7175632534897485	4.272251781562966	5.50130481046285	4.566406191123934	2.448733073563599	3.556225659784005	2.0962394854193813	14.733139120127065	23.266948477695458	17.44887817679308	11.993328673492408	9.4263497348146	32.22449108874611	20.666189256769318	18.347861485064524	94.26575564982633	34.50379737357577
4.587926581034337	2.3179094975010153	6.224486231378411	5.911453071530111	3.157315719682691	4.586636829959335	3.428910229659118	1.6416380883767245	6.881588722435184	7.051009597254105	7.7453256881417	4.324508047707028	3.2297219929081202	14.92513251131016	7.10589845672651	4.131209839668081	2.4486153579062417	1.5378149112936592	2.1375345394373393	11.344944878449269	25.101471649291295	27.414785276956536	2.5807336068961657	0.5698036975509063	2.0513277916462904	34.713619322961904	40.886436115702665	10.246807925232247	5.4066348775938255	5.202709119120067	2.484720786466165	1.0823706150187	0.48174669100893114	1.641613044543708	1.6167764958976567	1.2143366243229115	0.654740301108917	2.040063127658428	3.4221985988866765	4.304381853196788	4.997564479648975	0.4917915957057082	0.408666285873666	2.4120332998792775	21.377895170481626	15.820671830489768	8.05132760474255	14.689049292926509	90.06435939603178	32.14706876019323	3.0291622921200894	4.532623967783121	8.615470014645227	1.3471488951078046	0.6206021961556403	0.49325530994786715	3.6775273748130517	1.579627065365946	0.7685873281714578	1.1686444306422619	1.4760501750366082	3.0993373119242897
1.0452785299207312	0.7880272303939202	1.8828055803686843	2.1917599819783935	2.879983221369146	1.6565426891265644	0.8376170107398323	0.8418442203049925	2.1951782365328953	2.834225387137881	1.0977355788378362	3.1387982537464882	0.5655499179981098	0.06410471042481898	0.04617111954585038	0.06469416876000086	1.2989437573386777	0.5836798111102821	0.4244340400115171	5.660803509092358	18.96018683480149	2.309436591420128	1.6810626950151464	2.4001450439736507	3.146412678489695	2.3151993763526555	3.266010316683282	18.253760115409378	2.3559137020102576	2.320366351905091	2.879361982796148	23.63203409655304	16.252870005641967	3.9486274148205136	0.8344633391185642	1.240979571980739	1.75763170772564	2.917586957078108	8.688272965739868	5.539057192507082	6.235123969522227	3.316637307210827	0.5726171892383586	1.9715595722080002	0.7177325000965218	0.3843818372874065	1.3561813766744413	2.4104460923557296	2.795981818474739	1.2957266934864156	3.1064221097004427	2.142782345077953	2.7840652947970588	1.2888961135436392	2.402807219233183	8.602100893283255	6.676373686051655	3.3374251554604997	10.705451890029574	14.993356126667063	2.6276131548116095	0.9552338811631245
2.6671545625729736	1.8870205731197138	4.579669287347936	2.108530437935546	1.1845532746648055	0.5765528580461617	1.1494905490011025	16.443446273302367	3.974209538938153	1.634519893685052	2.4545910854102773	1.4869155348042864	0.6931421899143136	4.707977088732088	2.0621711158681193	1.4863902785322407	3.6129571410322527	3.189710587742996	1.8149576062443904	1.0198558704676262	0.7152182426303516	1.9005947444118125	7.083135632623734	0.6021021465827657	1.3809755077208312	1.3346959168583776	1.4249761432396058	4.0520960751600095	3.082689729989665	5.715397918229437	2.931667550777263	1.631480347428034	3.5869435655970023	6.492192530856829	5.849008038140437	3.061669648235304	1.864495031720947	5.265877760630526	4.773785984255931	5.078223780269118	12.109294569957617	9.210416935340367	23.94650019819738	11.15439552692721	40.62988937006201	15.709020724303878	13.060973218737383	18.95088163093065	3.286648484101487	2.095100337930792	2.808521667824623	3.8901067234183064	0.619667861060801	1.3314832880623775	1.0368741797882792	0.8023081745030134	1.7056270816262036	1.1577848407086875	1.861873031595986	1.7090160936635488	1.802306041219194	2.7977950399300084
3.664312211172843	3.381980502038	3.4897409865066265	3.376926931802062	3.2405561502791786	14.806941851159612	52.802703459781306	6.631492998471773	2.2234111073420983	7.793143479053015	12.598442680129835	15.646951515148794	8.168270116882974	3.03474722109032	1.499058065590727	3.919995038172837	2.6324318555297954	0.9376765715908427	4.258305234422662	3.1736439416818967	7.928431951197727	3.064828531985005	7.516709182242696	19.243842716225455	21.338648248153202	76.40229216959625	39.26506786255211	17.825239531656084	4.696388119749382	1.279622717586516	1.2763840237888568	2.5507978150027006	4.627706489928766	26.193510761994716	8.508243442487636	6.686608824391416	1.819311127727015	1.6551336181508716	2.721858466908422	4.623828685990372	4.603391420761708	11.512283933677317	3.728742067513223	17.79378857513541	19.41187004255857	3.0243567093865504	1.0526435962665963	0.7766659393298018	1.8594064211280246	4.208290318272564	2.044590373128698	4.1177980203834075	10.340235049206914	42.01914368943277	23.38327892370483	25.532976692399735	15.14487184345415	4.670612560117432	4.437522814517835	3.589428786364247	3.8168995975730193	5.655855183846007
17.688619036135854	33.211614150214494	18.595622173494085	3.568251095923528	2.4316681776077527	1.4037828400294179	1.249450440337808	2.959308444498416	8.818357779500879	15.392313544422374	6.7997484211396255	1.7888894464323772	0.9744513381150758	3.403686024575432	12.660196630789116	15.485801401144945	10.977762616958453	2.1197279916330216	0.4605340443294359	0.17165030420152613	0.11033646769697984	0.09104666772908993	0.06687077901636976	0.33631858855521685	0.3067531823127579	1.123869764150746	1.409072988901838	0.30130779346491937	0.774694738927811	2.497672362019343	17.252424365576736	60.69690064276646	20.306603878861825	3.288110149377382	4.970815837809679	3.340277734062478	7.73100254895207	4.623646427951527	31.588400452914723	5.721295115149554	2.005372969637897	1.8682765102248462	1.1962745684640808	3.6478695754151356	5.487357586580359	2.164046564583963	2.2419311431627995	11.24724886042303	15.00839097686295	5.489380924727468	1.5945495120230706	3.6272939002650375	2.2104129584932846	0.6721983169749588	0.37592534579699527	4.743011750149841	10.38483009015915	4.521335488972769	2.0529914074198534	1.2989959887437443	8.493749224874835	13.18306198124536
2.8363567912324017	2.032347406561643	3.338018951924409	2.1568480790544218	1.281708036539318	23.906357249056157	40.54020170330131	20.387680974914236	6.862369318795004	1.7263180675471632	1.3358027744490633	8.192376074818164	2.464374421525777	2.1914061013089143	3.2920742778495105	16.701140886294635	100.0	53.24938313111421	21.519096289454765	10.597262218012345	10.164402428388145	3.1620959340185384	10.547330383541725	3.87371233533368	2.336074204845964	3.2635113235925384	1.5488660269016639	1.3047395622654985	2.18181901705733	1.255189769905859	0.7771172084109242	0.9132024621498631	1.5669713589513743	1.2959549131811934	6.903942112859858	2.205339814594869	3.422022952818192	17.540162168870385	50.233572994852004	14.29597042765276	2.221882297263803	14.699404974578664	7.5613946529967455	4.136134015280761	5.573451204327062	4.818443168459815	2.682862309785731	3.942355053272465	3.6554071644122565	0.8985999545983587	1.2639224262654156	4.4450440413865735	7.083559760194071	3.4295613289612685	2.9782296928288585	8.142681695652575	10.210384020828736	25.65389320239336	8.566789540258286	2.293863510585402	0.9713476332336827	7.252070365408615
3.492841277167722	21.18630390925065	46.622922181013806	55.73481151032387	27.762555730600997	13.866504761932767	8.782389508123165	18.458262303783872	17.465035523416425	3.6368747065847273	4.798199496862706	2.3463452864934817	1.1995257319925519	0.9930546924535772	0.60876190192152	0.3454760970557863	0.4883318896076507	7.506083407779129	9.176013229282283	17.636358447581905	4.705862954452274	2.0065086669605456	12.263990364815808	5.931478851575572	1.6909935468266828	12.432878173129655	3.436588033154951	2.7910979480708416	3.1652059042167555	3.5685361881157442	7.380473945709267	13.230514981378883	10.91015265791424	5.265193836336373	2.515127106574737	4.675997216392441	8.157481364295831	7.550665547822892	12.93126417541146	8.882191383530644	2.3737310598838715	0.3656105086199828	0.6302237408577155	4.277663840946225	2.1223848102109577	11.433573163051676	23.745868850046143	5.34213014838932	1.5128865320950813	3.512052086346078	10.202841699309165	4.424833825612045	2.351495406941427	2.9713848166542687	4.064276454691933	3.701560301812244	5.19812039247377	2.1944202659873313	0.9329200684090385	0.4465861542450612	5.391130166552412	2.3294334678140203
14.042902570318446	13.58200307429653	41.43136523290105	29.97771656602455	20.881536262000246	3.2758958282362904	1.4718952227545152	2.777028324482016	4.079248897238823	4.58536757024492	5.903086292706501	5.859380970924191	13.555086851493762	9.136986433744346	5.74321720363101	52.49232757547313	64.99958642124135	7.542034356265905	2.2194490547103616	3.6682406168774224	4.230690728006362	2.91649469294953	6.789137098764817	17.467769994528727	42.5594669901995	61.01604570799543	94.3257151093554	32.36896271096187	8.814727188956077	2.9786213617116495	1.7701983541815385	4.875110709547414	1.5304384830494095	0.8530152144271159	0.7181055695416376	4.6376440857077705	51.21726644815536	12.61089942814933	23.512686272812903	73.03909566716463	15.255409677531484	8.892279831828846	4.274091378093276	4.878905398256421	7.04909195956532	2.1546972631929973	2.0515144485597725	28.622135022678822	9.625588241977365	1.3471702313765626	0.6384829231895491	1.9868733664163367	6.162340061701702	18.487546884511925	8.922799400781923	2.589046832507981	0.6211170418913713	2.3731702065446223	2.4271416460951953	3.7230700322077497	3.963137813373396	2.354773625176632
4.84960600375159	24.762321772460712	9.030559100183378	1.7694766872122574	2.576070005837312	0.7986190913445211	0.3804549685866288	0.7185660626439055	1.028527356972683	1.5814446794108845	11.128985672015665	0.5990133163296365	0.6888576865236998	14.295827859911496	34.06141954696127	9.06916690045754	14.110175940432919	1.4433367622278626	0.7338463770535089	1.119335355151835	1.8265662844255588	1.1160387780343177	4.727602944917023	9.62267113956718	3.2154425718963773	5.6159820546281	8.289157915862589	16.190931097629313	23.840423615447044	11.696359451391409	2.5675184208132156	0.591934097386772	2.7507228359012257	3.525236688047879	0.7583648889855868	0.908988029616827	1.7937459334918857	8.01160951673036	22.74849555419662	3.923827996060863	1.0737501458800152	0.7685136069868953	0.9892092986740978	13.532518078614833	82.56214526251127	13.125351291306288	17.13048103406231	58.50994930950616	21.80496840131649	2.3486625477526557	1.3746065533993734	2.581135840672242	2.008971803250181	1.9851077348502049	4.473693517792598	15.290693207166925	22.156875684206636	17.0512908629229	12.279575611990063	17.29910472843399	4.962151592025478	5.385165161925245
3.0072432049352185	1.8686083244704528	3.676162002477626	14.37597128853716	17.186918682863165	1.7571068413499495	1.725442974583994	1.8961139749388745	0.8188776469611247	0.7552387124348073	0.718539364569852	0.39328956015200955	1.2701625700361776	10.649952904967135	8.074553722062923	36.937573178169025	9.499761112788535	18.510181444217434	13.19372371290981	7.372990351788218	4.545901774635376	9.123863336147403	4.05246316502053	6.424727556344212	5.145731659218234	6.3382734382591215	9.20365662528139	7.4373568032555175	11.531521454004675	9.903672958852278	5.137805221377084	1.7773638715007156	5.602222345495998	1.8511501552682172	0.6696123918211432	1.6513958493657745	3.81289533831485	8.26383100399514	11.824623492774194	5.968177376558301	17.16032323500839	5.221971059117953	21.119871653792973	34.156118230548465	6.563506231946206	3.21173556410323	4.156000976537556	5.409232155172104	0.640449299540136	7.282370323407677	10.047158015282434	1.4798641349369994	0.3123859075396719	0.442246519775155	0.5962299074567387	2.7259007798413473	2.3284454486618995	1.3766893991424753	46.80669348931556	100.0	26.377534337202935	11.1321879658931
11.002677758317391	14.47361691405162	7.969298888363393	5.415584343162861	3.325505727125973	5.825849079114437	2.6037244040951304	18.729062438489848	13.478217963851632	2.3279504962163284	7.174052213214111	24.33295761243787	16.273939704500194	14.33929082701815	24.908148201133525	18.123049300313394	19.837759710160476	10.687076345037893	13.036071662894443	16.284366182253407	2.4856300937489078	1.5327118867988812	0.39107898248800105	0.3780916180006385	3.2219303592044795	2.587779923466689	1.6124504507696686	5.033328718961402	12.916624626954441	8.41897370188539	2.9601088988685262	3.795544772281516	4.737831343434668	14.397122837850137	14.712376747639745	14.78971939359465	7.099176690803382	13.36385456012391	2.499012913523543	1.339347003697055	2.060558090365174	2.402831332705527	2.213436973883219	0.9270661397234893	2.6830311599111796	2.6986598394233385	14.60829959928068	15.719824338715549	6.904713582436129	2.1132517478078867	1.5963665867214667	1.8671308611407025	1.936980620717681	4.634762759443035	2.1165550337766	5.95730751667433	88.45688089370655	15.3167458109918	4.629184796270345	6.993810520562486	23.29736362868907	55.63934041807675
1.2895081857980062	1.7293339314055096	2.6315617323210234	1.5214541498430363	3.011273821529657	3.6305029204503145	6.160947743963193	1.502137545920245	0.7182426167680175	0.9666373864653478	0.9089377245754952	4.285756786396104	25.3913952579193	5.762131926880449	0.6499147636234197	2.168776055494297	5.253234164530638	6.935638514793263	0.9889141744649863	0.510535084335161	0.2826194130114692	0.5894652855290743	0.9717163527406952	3.134691579830973	2.990169074151852	2.3329670647408403	0.8839666927311214	0.6274301576648145	1.3300264750216002	3.4738034598046825	12.562159364451645	4.674615333692431	4.487984295383981	5.510284977279699	18.53847304140407	17.629914756590743	9.18670678327997	4.701216123057789	1.5538770343797683	1.2001335063499103	10.194727367634952	14.465530306244181	11.678234928933731	15.918028568715055	17.8906064286344	5.790588057968426	1.4335965904031205	9.325844388810953	4.285203806460853	0.5960649606797016	2.1988566198709982	12.009209937875324	4.431933339374258	3.2101131065727824	3.848945933363753	7.402823585409243	4.387327972657498	15.808061559302724	8.291436223963816	3.665401521964094	11.753901202831868	15.821126907784793
0.3350128906141329	0.9116573314080819	1.1440669098637126	1.1133350267952975	1.2102618409213484	4.399274897064805	7.6950744219704905	15.810253209528227	31.45777369687888	9.134006164215457	3.9185900501305104	26.634946084685406	50.99928984579792	25.601888873979195	12.968109061857207	4.915694050551979	11.193706363612273	7.769729897608478	3.2936734164637187	3.8121859628288046	4.5577875549281535	13.633713833261268	14.495052409839019	3.0877764825756215	2.939205382109184	19.42377613847378	26.49916684051759	5.4191707502068915	4.9110440967681654	9.42231377388496	27.252994905594306	2.3058655629770395	0.857944020803828	0.5982003631542477	1.8875412538133218	7.131905753250079	4.4220946419234055	1.549140599491616	5.255638677622752	3.635233178471939	8.270757394342095	4.8762856124333585	4.685290551027302	7.108148342331935	2.760664171605473	5.352226429689244	6.762966746156895	2.1270109475673027	5.62310555069963	1.6559404666915554	9.371747121580784	57.049139483115425	71.7595082092538	13.88646801278113	33.62064741281033	44.87886010514262	4.181019324532315	1.4399305193129832	0.6039480426081215	6.096932265338946	8.31312736417477	6.904891303572771
2.9164794576148436	1.3861763479573777	1.5893098144712483	7.7069572809408085	10.8612089993531	6.9384626839638175	2.3679309650370852	7.146617685987725	14.371506615366057	9.460205261134357	3.377856845938972	17.20157309572322	38.73462710525707	24.13511941564099	2.900053878319674	1.5832342621763262	8.363740273729528	24.50962851513346	16.449833649351177	11.608220928604922	12.554929568038773	10.962251914414741	7.231883800223398	3.198486477778118	5.244735614508839	1.884644001212071	1.0797090644711365	2.4879778788295495	2.9060182794232965	1.0729769065294241	1.3540451150264485	0.7665646431073531	5.557085651678502	7.758840164788353	2.2635213738700144	0.6049313548483373	0.9176209443918113	2.897853966263934	4.879465390756805	5.850261476332507	3.5948334743583623	16.159536172120255	6.511353018429483	2.136137646793861	0.5140118401777413	1.7873613966052193	2.052602533391113	0.9049208278196256	0.41253097128149185	0.8361355562299245	5.279489871300137	6.941077474886619	60.52499932934168	55.4844116253904	16.83187093670965	4.058376982647155	0.6751019949019846	0.33329651542149097	0.7462491685992676	0.5842646693498389	2.4111326399440833	1.2578406555142587
1.9073974259004596	2.4633980029224034	1.6354296857641242	0.30899813161213424	0.15431184226717623	0.8119294645914725	20.90696608753786	28.8555008873209	15.473477478945291	10.32687292006274	4.578343702116653	17.59662886674086	63.29421623749161	10.495925630453792	13.258506546153704	14.720415640796336	4.061562225510268	2.343912188988094	15.933854675669428	37.67665831701622	26.881403099074504	6.059712687143307	4.384480006640348	18.084699710069575	8.709882523681902	3.0824555447025195	4.847689629794903	3.5217054621623167	3.1823461351170006	20.09294842172634	12.850389093896094	6.639777204528749	3.715713862592524	7.082943870562882	2.2305665683584697	0.5770018611587591	0.3912739914876295	0.4689514307614552	0.22067064254391017	0.15219242754420784	0.2202275926951494	1.7757215700762994	2.8053870908205916	5.699286087320284	8.413588974179175	0.7403952471775493	3.078384844124632	11.78244190052778	2.886411371512486	1.9250173163364162	1.2345401690706623	5.091407116231366	2.7443496430997785	1.8082225407116657	7.581171299417833	12.713459010256889	10.086403478876782	6.997777397820271	1.6865564806617126	1.4029593933548616	3.5462822284445816	13.90711577806639
2.917591769386861	2.183583192378508	3.3643647688409954	2.109480300208615	3.242933411610934	2.1608580994624766	1.939019627908922	6.084386001088164	6.205768243739912	11.160438655773484	6.069179661862948	1.108157607650415	0.22326250300873224	0.22986618230712086	0.28808210288373065	1.5296613884223	3.6509061659520463	1.5826361411922099	0.9280249911175472	7.428891474963371	8.297732918807256	2.124961748760498	0.7794717079057674	1.2435967597478237	6.1897836900796	27.988319658265386	20.575851253125908	5.969154837012329	1.3891968558063321	0.7675835037148234	0.5099854171314996	0.5293405561655264	1.6221944601557983	0.59567986084886	0.9785692732591807	3.2451942453567755	0.41085982376709557	0.30905258436967725	2.76115133945473	0.6312556972753756	0.20972602022127662	2.89340784452582	9.833642690739604	1.9980122605259025	2.039406127002862	1.4274802735144705	1.3279905463731922	1.7470468083644768	4.1545242888836125	4.262922712560686	4.335385520705568	8.317485279729894	3.1494152470297903	1.407097368880363	1.2242777897588688	1.7273682076826284	3.6853210270265873	2.8992669329435174	0.9810682453163615	0.9978453273530601	0.9190975231285903	0.5639947814432997
1.5902462741758965	9.871130957870912	4.084412695025951	3.5606663661466507	7.390380850275974	5.5761670554034515	1.7106399328984796	2.773625532123286	2.865303050577191	2.0105235596346613	0.9270344913106445	0.7570672756420128	1.4484172448680497	2.36139487641605	4.225502529756086	0.65178518138568	0.3307698044934637	0.323629754903734	0.2578608903808348	3.5662995565936235	3.9903111862192846	1.0500469746486136	0.33593416440001295	0.40547294250894145	0.7492813365337168	1.4744522499612538	4.318452797719155	5.165571489605249	2.6559661827428216	2.1110796861460837	10.541993972833039	8.176176578458943	5.8503906806933585	1.6970491045554923	0.6319777955437662	0.6223001134124545	0.8181886460588488	1.2020396299732496	1.0278852941970436	1.3068483377062567	1.5532331038019263	6.187422513995798	14.940702461500523	13.362461805800292	8.87404361839346	16.79089285760749	25.431505099475768	17.282332852377156	10.599803156199485	2.9883683012029714	1.6352109509099815	0.6241380186348577	6.084328708527711	10.767388220757484	8.346381036351067	4.41068642593133	9.21828641782454	10.44065338909139	13.446372084426805	4.536595532553861	1.4475150113096766	1.5764177256024012
9.419187683931305	16.251384022480245	8.324911535908836	5.550383645835105	28.474223795107843	16.817495430928908	45.04928613480648	27.139095445399974	4.218312165380933	4.095976478644758	1.3550140185863515	1.592949668163328	2.9061350863574194	0.7851631568164206	0.2301559222882118	0.27573722580239896	0.6776425766266846	0.5395824410481692	7.6146215493546405	33.04224500358636	18.11804068259916	4.654178359292683	3.0191969483844336	0.8381869859873305	13.365570754947587	14.96016888156205	2.2100874312808982	0.8989351683599912	2.9000490843346753	2.5572558081997547	8.326175956155051	7.272469819231648	1.605686054637152	0.7944928248332627	5.605665434442173	5.490142632502156	18.737659048871937	5.633845068937878	3.3336002606652033	1.381002666863479	1.2914371788624854	1.3964963653778322	1.5428592341954963	5.819436473290832	8.242116767151323	19.736882580633534	2.4430093641312673	1.7861154769247407	2.7159676817065925	1.920482114879343	24.441430160589665	18.708337517318643	4.718893322054214	12.102413424877943	15.311852122289729	24.37626979830774	37.23066919405141	19.81999346924567	3.194514929585688	1.2593889337143027	1.793459159534305	5.860176877321
3.321851394576516	1.9537562474425287	2.3149701028350513	2.159377975297543	4.067120403071288	3.247711836939153	11.854355637680214	16.486643497013688	11.532358152174236	12.24679464946994	3.976299841239337	2.031077495792501	7.994182626692322	9.590411305046535	5.086939338879443	9.341001269336894	3.034296635475712	1.1090920775237598	8.03227137320716	14.184959067737676	7.305820407332937	1.934127934083519	0.8423695926312906	1.361348998250112	37.24582839365425	40.84358441998392	3.590974941865363	0.7941865386761965	2.572181090853972	4.815375274654326	2.250768498939276	1.0630009051564158	0.4928137817247169	1.2359741672540705	0.739953160249657	1.623815473821491	1.7133809267388764	2.898639870195812	3.5287990887624403	10.397048623908754	1.8301130826061571	4.587976724838082	6.295292812784321	5.457469109113285	2.1986796462825	1.3664111474691838	0.9747968969228987	3.4375523015067717	6.573834940754391	4.1085790562893605	0.9132987900290892	0.715206811581244	2.358968704697906	8.7391882918058	41.975515055606685	6.095373296508897	3.7516782978428194	5.011178910421716	6.600607862237782	14.33923023137852	23.93804971254349	19.95055338637163
4.358940868276476	14.344221240830459	6.600631973962834	3.5273413043045134	4.276648049906627	3.8970641238141805	1.3518389899769165	1.0997582513410842	2.444463872575896	3.593255166985201	12.391676523920296	19.72767866626967	10.254294591560994	1.7459456417179364	0.5031072909805571	0.8270564454236605	2.094417168429937	2.895319067650553	4.84484411133882	1.9613625254176295	2.6968997908219845	5.019914763513986	6.863088481432457	5.594804914427869	1.5463793976540772	0.8491332799141922	7.338440316458964	33.02036850801043	34.08196580680431	3.7990751395007347	1.0602149922112836	1.17011720228599	1.6132593696260633	0.845985601211384	1.2817519838627114	0.738656764119182	0.6373407163984942	1.5795437131133274	0.7724277953136994	0.48445092386421923	1.6946076188582413	11.926778582725321	3.143862590719609	2.9311945301706746	26.209078184565993	9.15148161223505	2.8577005292535436	1.9654139607827867	1.6519383465267405	0.5113425518878839	0.7782938847813379	10.854048110340528	6.162723785629583	1.7246916432361226	1.499575146628497	2.3366893983588386	3.0350235134839996	11.202025391552114	4.428857466395228	23.227881923256692	15.60143019761201	11.558860300411654
7.191560554002558	21.906109631681144	53.50153537275899	37.97584773053048	9.264732469173692	2.986314254560526	1.6518718551796152	47.39110675574619	58.290038624179864	14.123868685953397	4.026183445965686	16.5576347398193	7.648336643555834	1.7668094333546234	2.905871874927272	5.458369606949691	2.2373739962464794	1.81871756038453	1.5764931086643286	0.8318994713008261	0.5198727341209264	1.6151616237785427	2.5395844004760417	3.2658690595047135	1.2091703668036413	4.592555129684778	6.85596891928078	1.3828994187592376	0.6924441885108079	0.5381816303996207	2.311034528298375	2.05926799077857	1.8523761033910773	3.1117056621818926	1.166076256661556	1.6287539332375953	0.9960380355083088	0.811065014518675	2.9411663215467536	2.9264589437224586	14.632161957300628	7.890090205542301	6.757604300241621	10.730951075859947	24.17116987723172	3.2629500344101703	0.9210217788956128	1.8531293563018076	5.384847852187087	19.94343813631848	26.71106871888063	31.981364595094778	15.683947305378906	1.6169401893419213	7.202529487775585	48.437153067427616	42.28689597426541	20.570521571459764	26.41100250748403	4.843105515272636	11.270670745186667	24.545115433564558
17.158473169460766	11.155456359939198	16.36512789895406	30.271673246929527	12.686280674714666	3.661079753367224	8.987391831131934	2.2124858821604483	1.1201926151402841	3.6771012997901433	3.0543886637680973	18.22959792269873	24.10375631759524	10.205717066651255	12.482112409225014	7.565722197317045	1.042196274828045	0.5445340987700681	1.8110532945378375	3.4112254534563027	1.8876391958016012	5.691159629960522	2.6009544158904285	1.0031456384908424	1.7876122922857405	1.7181510285129753	2.977742183718543	2.7646033473561653	6.498712086966514	5.830361728656722	6.740375152971779	3.6837019901339985	3.1522680160541743	2.381139107635457	32.19722931486499	19.279847511584137	20.29512075769378	8.458939649328748	1.7646814396581505	4.938955057301064	20.40030142099922	11.766592621627694	8.737175692949217	8.727177561859245	3.414366594202328	1.3734956165698518	2.2701763024836454	4.998851245808048	2.649118061212871	3.7096436158563146	4.281312750773397	9.667204933089987	82.2376876444259	48.08208830511707	5.780449266939363	4.806811684946785	4.923048275263046	2.8864886440530237	2.6440147532459166	1.962228505166096	13.986881097307915	6.287674492517605
3.870642700960667	24.447424373528353	18.633571157623955	37.84101794212872	17.83427836516127	9.60842870910326	23.025641510577255	11.005189948344123	10.03655388035583	5.38463435296502	10.111832387520698	6.321328148263305	4.820495348178966	3.5243545760344066	5.253460647234425	4.422227040832254	1.6932398448062684	2.723109764831454	27.333744320503193	15.524890228985567	3.798131485018811	2.634949326034809	1.3693336655492039	0.6243462361297785	0.9237776527576387	9.047639623078332	7.494205638976581	4.289803797148042	2.1105845713021205	2.929258706022464	3.3226114888150535	5.062349198128084	6.930942363638444	4.1552871528345126	5.86658514043695	5.1967636494415	3.234493252793182	3.6207709154552066	0.9147913681623259	28.350111604716655	11.631042951264384	2.623714078017296	11.921495487206943	13.58330515523283	37.07013577439656	10.782595736196154	2.313598226426582	1.5814164217627302	0.6761881720317023	0.3683178360644707	0.366010604180022	1.0467370383569412	4.87934562659625	4.160420980609806	2.2209889446260993	7.224030958191089	17.598772496244983	48.685855715939724	24.890587816820428	5.124439207851032	3.2506574560417256	6.4591788450879495
1.7582735406122052	5.710320681625037	0.47842222855864364	0.6350343973608303	2.321826823737474	1.6119201166757835	3.1663435010552354	10.016732074942759	9.46893019727499	5.606194048200599	3.198747448101653	4.638762338685541	0.9820980587532575	0.711016148211907	0.8953741398316449	1.1795037683179335	1.0389961019825162	0.9230144344479644	6.682202049264972	6.773729540628405	1.4597364779601474	1.5642352261835228	1.0925111330771213	1.3384324188457417	9.05702058322524	2.958550203033116	4.039499436110991	3.492232940641354	3.520652309697627	6.716714749527789	14.929990120984149	3.0283952425852307	14.785886496812152	9.164386191804523	32.99896694151073	12.641407382448989	4.60462210658686	3.4402147103834246	11.574449449699424	64.1341332498509	4.120132962447995	0.6856274938878669	0.4266290255760735	1.126847760079221	1.6675291370529797	0.782137119680183	1.302493515849516	3.5986753901976627	3.6262945537511118	2.3267120176261034	1.4976460618020302	10.830200730464878	0.8694609033284892	1.0308285604458376	6.172035264160192	4.377868622335554	6.590800287363379	18.00382123079307	100.0	32.73896227733841	9.848186750213063	12.63135048466019
0.8739016276070696	1.2825367841275954	0.5341405868704481	0.24870221511645493	2.931029627876339	2.452271960578783	1.2936738738471432	0.47527617043566195	0.46571156562174676	1.064201937210166	0.8736995029922376	1.4900551765894603	11.931699688540748	11.738270782479631	1.026260353814904	1.5811656492613602	4.320105568559194	1.5926939083753153	0.8590117192075938	0.9231626191422236	9.941315547044585	6.091176918050604	18.29805368502634	27.461629140491997	3.1889392965092194	2.614990673853594	1.0841190094027626	0.9841010125086189	0.5713225406536114	1.490060669636691	0.9361826197782425	2.0178050054101777	2.742786730801054	1.3420960930811574	1.2847671704240273	5.966689363028634	5.195044965377003	1.4756854242668382	8.9869585497099	38.269105751834644	5.851772284949437	2.441505253487314	11.179005414275856	6.939045845260745	4.981307001628546	5.38439019184151	4.9970534332998415	15.802985179483755	9.649948660407636	19.324803321496976	2.627063745891277	0.6912503354077026	3.2650551832514108	18.028413041610797	11.108194778190825	8.580234994542145	37.45535670716707	15.285147471531195	10.516957165177569	20.530338620127765	7.852627964648424	3.5812898283398864
5.0369388248996705	7.773733681031199	7.05734122329671	5.0895247483387545	5.732741493742833	3.2661756958440353	0.9654957959761652	0.22596216636198824	0.2078791253076586	0.5798955786561306	0.7195308978905782	0.5161613137051783	1.8475984292124807	5.505603573683288	2.893312104876824	2.336280419071411	2.295918968235556	6.980703130134313	20.800792042543133	2.8976870589093444	1.9805274121994427	5.107103635361339	4.2806273459472655	2.2516626370327764	2.224598842880802	7.331774097356667	13.360994536027608	5.636374162742437	6.837602013023821	4.75433234256713	8.989063412542055	22.16218010135251	5.231288604442242	3.6262430267774635	4.369205283292058	3.544058032021975	2.2076039357346633	2.1452423483923813	1.172231108680911	0.6475650743133302	0.211943140555567	0.2778726331369367	0.5967920512679633	1.130480370113964	0.6406255719938558	0.9082938257414597	7.847594919158504	10.682312150320913	4.152164078779578	1.5942354150360658	3.120741237222365	1.8060912718999123	1.211510896385451	1.0492001088193788	3.0265947193277074	1.8441529404910688	3.0988673553085233	6.641132535621295	2.0369186701236806	1.7625108230752329	2.1418882432628723	11.392861849433098
2.751506425444216	5.4043954118681015	4.410136899343317	3.503893709640484	2.3993747451752436	3.226573825458712	2.512294701465204	1.3275959424294927	2.522384100560733	3.9550965324939593	0.9642285982382865	0.2675708428597404	0.9753805797275543	3.5199957705932468	2.2239100557272233	1.210587482408572	3.0663686034768456	2.6629822062438486	4.9579523911008625	6.663854583462454	36.88075431004946	25.248621656528996	2.464907772227058	4.796834557928626	2.5264689223490984	0.526796398988448	6.953906017369244	5.1413967815230395	20.11456615368483	4.836738422484268	7.102304329097734	7.218021594712977	10.097872026449147	12.728202073557917	26.779096326182124	11.444806884642615	3.714180768553991	1.351411360147096	0.4890510552977135	0.6813617973005287	0.9856179451731395	3.0191526897403542	1.1605218445119736	0.665915678276578	1.1692405639340724	1.3062584206899308	2.4648875900568727	1.1493695890002333	0.7217899162920265	3.45318938925865	5.057485719928001	1.300439352953325	1.257639285869701	1.4027900096013985	3.4512965180926343	2.3286498445826136	3.4957994459148063	19.16620435906494	31.793749170604457	12.733484944705802	1.3177305528126244	0.7144663306367047
4.362276586224137	3.1544499527860212	4.398622361310664	1.653227163113749	0.49368051286746467	0.8384331723469273	3.583434663619702	7.213728266079595	1.2792039217067754	2.8741607505975346	8.214670417711924	18.940014537497476	4.012129189629168	1.4707188063686834	5.545879202742816	9.944214255754284	42.84478867982879	37.227862910106616	8.379553958083404	2.7155445929011988	1.2983034329367307	1.9966841682334335	4.820358885975296	38.83835038924761	9.753753735825388	2.506968176397948	1.907423758911258	2.1390209384957957	1.7165604365630642	1.3710132996883146	0.7523946534721097	4.831836772666927	3.713964990253138	30.812450388088436	33.397430740918686	2.9759477726846266	1.1162424844665844	2.3920240669624455	4.822276181938561	2.3031264224725763	16.14707798940118	15.534979827873824	5.230560006987688	3.716719325327692	3.7556334768249124	2.859763100933809	2.7557954866847028	22.389482133652916	46.114419168378404	51.128833365056884	9.004514361823595	7.297802187750309	2.3744538895517824	2.42019017095182	3.0456802850553872	25.44905558574686	8.010010818828082	12.877102122941006	4.5666721312365866	4.3627344942126	10.06986516772802	3.123109477217203
1.6957516618341737	3.800013255661692	1.7736089557650818	0.8802587567559491	0.39514958629713626	0.2661593944934768	1.8391638086794222	3.646691212482279	2.6555535739684553	18.892808831440917	6.039409767992603	6.054126537963534	5.654666869537973	3.3448104342162552	24.110050719397453	15.300311133322479	3.0696332513563296	1.4655092346863574	1.8170747535543954	2.3381828721669042	1.2536949211914388	1.1993836655759123	1.0762618727804412	2.5518446923862594	1.2479391896961616	0.5707479214114707	0.5464208864856249	1.1354229979774058	1.268622341473448	8.084072195241987	6.570409612580231	14.74646815198161	46.22475690458723	11.764062861741929	19.24704919805681	5.6046844970188525	1.3852953574323439	1.5767507300238075	2.739856826439709	3.945859194354924	4.63247289092363	14.664980939883772	15.886197810535483	21.329521554932324	18.538027460034844	2.7658282846633866	0.8956343993847883	4.651750102609138	7.215322502691087	4.932839698121166	2.771290410438967	15.28097097685714	11.314380795909353	2.3125148022375965	2.32938339992203	19.569046925410035	2.3827577797340718	24.324466738819638	9.410623048474264	13.57337610687322	13.257442285262972	6.330586151795773
3.3315458072508064	4.809875056675315	4.716359255649749	1.2202371296611634	6.5551654594877276	4.155208957733698	5.575880122140235	9.070704260175194	23.400573598233734	5.154966083260129	4.704893904411157	2.754312742098253	4.14592035844942	5.227854675148771	2.8217605742863316	2.1372580113046675	3.154675782948063	9.832553236854482	2.540064836766162	1.465057652961791	0.8194450881273122	1.085925179300511	2.2290711488430723	3.6040366059025435	2.6477541557348494	4.907707855096954	5.994090542592227	2.8152663582818964	5.714331562446135	2.8035691912171523	2.0144497191209263	1.8332796908849507	5.943058195776146	3.0188379734366557	0.8810197870253181	0.6047244101618341	0.2981901804934693	0.45868034573278965	1.6510059473913423	6.016296808023907	35.921135762671476	2.472723255775851	1.0570667365557094	0.9889727119893721	3.656396761808385	0.7276035677759572	0.43652772513936905	1.5546950208514532	35.33867996772001	11.517821584637156	17.273494728993523	3.928377435293057	5.420062550505627	1.8243182775778035	4.2036071403279225	11.438081657274864	8.81536375820826	16.143289557090984	12.887720665248729	10.616164725442287	6.400338870725829	3.2778482598440823
14.23587559952749	41.84239386433646	79.91877307682385	14.808252901938255	5.493135184292394	2.4010409705506817	1.3133083870349949	1.4812932880987044	2.601973267775022	12.28243672065334	2.9294508850359056	2.3368545357554527	1.7679277221803453	2.8662300754878336	34.46631798038003	47.99692597970556	9.383096271481248	1.291541017463312	2.226871450550849	10.72566613120966	7.919014222066978	4.852214581804044	0.9744304158008239	1.0473780769200767	29.395071826662818	40.19255516720345	7.6280642292662915	4.044983403044178	4.668968474548415	4.078647431961815	1.4784634517806605	1.6148052895847673	2.6511171978339356	1.6585462515012734	1.7629942000018028	2.255988166808622	1.2747897278680802	0.5679267221252243	0.4224365723129127	2.648684248757993	4.344866494400712	12.999067466590528	6.1347652050238795	1.0883210053781875	1.178170850965683	5.867305737205795	2.9708931488173334	41.009050741718255	16.266752535327033	5.359529205530311	4.921770432642786	61.1159181462073	36.76404400160259	12.198968570916358	3.7148132032781183	0.9819869160128221	1.73934389244353	1.9966141846569692	1.938721362588335	6.544288770972379	3.8142592441400303	0.42326163206106415
5.933527875495153	1.494697485231997	0.5946901970667389	0.2906452350937983	0.2060807575478148	0.3367383042026346	0.861279435162622	2.8012376777960455	5.126575572183582	3.1816513710695373	5.255687471977615	8.380828182960073	6.707128722797261	4.647955392513076	1.2706333291320948	0.6217694163682129	0.6152747345246004	3.283365126605442	6.629105968186717	5.825442663665209	11.92263546272446	3.2756162297453275	1.4590054871436389	1.5728304746891266	0.6269524389117637	0.5867702769689747	0.9196242277915794	0.8688019999886875	3.009170571861306	3.8900528653885806	15.59630335849689	16.93312632660595	15.009543777179646	4.850003697053153	1.63276894037116	0.46817652112615565	1.3666140913825873	9.371407377951796	11.16273735498582	65.04654985990085	9.055474877901533	12.225845782595844	3.6546507449564873	2.327613382874579	46.20535411087569	13.050410185679404	13.54647873986443	62.924547792825166	27.4572868674146	7.048154193890396	4.867779339509119	8.67052265820374	6.609563785036007	32.05955568125162	42.99955843450904	17.143720475148882	12.936155769829718	2.383421672393155	2.377436774548451	3.874929681118415	0.24728476126298127	0.0847179286230416
0.6916307728131241	18.4738863242101	21.379236916615056	66.4031843692578	26.36016431446607	2.0839261635986044	7.531821145457026	6.618339428954801	4.050918963073784	3.556413800621265	11.323050715855532	13.272148578251024	6.727119860630839	44.240530830815395	49.65539127946795	14.580241081510012	4.699671429833605	12.533789527257387	3.2703558586911328	1.1801460297279152	1.1862163077425611	2.2712881466675463	7.840632837058041	11.421307469269875	27.22341793945926	32.214874361403616	14.09751932625393	10.849681143259339	10.689009125222276	25.45343667882868	7.5178886254718	4.047785322633335	4.641211054903758	3.3249455682989786	1.8917715215380158	1.42785696278124	0.7904348232019407	1.9602537533809252	2.648231622890134	1.6982021601242263	3.337646074883605	3.7103063693129332	5.593443443801233	12.844311854318526	4.53559978850435	5.490653658480079	3.5631482820597054	1.4468744459504985	0.4513290323943509	8.154287867785866	44.97932516123227	71.32573537796976	34.893407215871996	4.623046080425497	1.1150912153523174	20.81683768255183	53.81855141784767	23.29996959973213	5.79687825403538	7.977736320021968	25.794289067779022	16.64966605485521
1.3830555405582392	5.7701626918002455	4.130522667088311	1.4500358986357311	4.485840168493499	2.9481689354314766	3.1296122723124467	4.17625569440822	2.4654657065763232	2.658651398628641	0.993318332313271	3.0804297302821024	3.8668291309608227	1.0452493480518066	1.2399060106619808	1.824850493834189	1.9577347915504892	0.9783051579308256	1.4874994371285206	11.610577925411556	20.77247792680776	15.690216794531583	11.58431028904026	2.1782653967732957	0.9848788524135924	2.773039110780438	3.046304204702667	2.681016806299771	4.097697417370115	2.698917114734669	1.177127481917495	1.6019470985585502	0.8680383409659722	1.1962554767409792	3.6070409749791015	7.360851230922367	31.72785686640048	41.38268935344582	42.46030636341061	8.532083602690237	1.9105265494678363	3.643774042611387	2.1142506931334166	1.881286374273295	1.947817947919175	1.2701198222337167	0.5397352060712466	0.44476338458659676	0.6214621158843288	0.5472387699584287	0.30717860395521057	0.3563268252499342	1.081003531934403	4.216771001516092	1.7919845313895377	1.3373297815519352	1.4268756674114516	2.318693597441775	1.9048754296335826	5.196219168705895	4.548435263255506	31.208987441717003
2.4785734720475796	1.547820576051601	0.6969217748509805	0.3618533828320888	1.740518078808721	1.3052740022227745	0.5793061378182376	0.8360095144889971	2.3760837599508124	5.092531278903499	1.9243465786674239	2.2880726458247875	3.9502566934592753	4.283678999940001	2.6465701519544202	27.43737937309904	35.147107641995326	5.119806998857261	2.7871481490736176	9.79885996965552	13.545128670340155	1.8637804756768674	0.9656970619623431	0.7400995576591262	0.34633666213026293	0.7986648524270242	7.962661324020376	3.431228072143645	1.9829984560574594	12.071641598694589	14.518561444686837	10.074110502758788	2.5284477101651834	1.4090992381522254	1.2577279986234537	13.154667513680327	81.49824157744307	48.09467331435983	5.544191227039698	11.726474129157879	5.7676307011476995	13.907829423879344	16.450384437311385	15.760415032223356	36.653328658840294	18.881178610314066	5.43935878160319	19.454421137894418	21.725208578556323	8.46957202033577	5.228609671020139	13.998986249731457	11.371758996718661	14.776269443026191	7.0211291953922945	6.277607909083162	5.649911527002019	10.30915401436103	11.031237494225266	28.390157185474727	20.2989997492787	8.065511095649125
85.59346194699913	4.041592564865528	2.9854694483317203	17.34227381273261	100.0	23.581187654222557	24.337729290009825	15.008266353047947	31.45619144660882	18.912607123441035	3.1391308994529794	6.239317315120483	12.57899091341566	9.290745173479182	3.0329517081883446	2.084690101746244	1.7768762305512464	3.169664869044782	2.5618350086130306	1.0583136778237616	0.5744538317181594	2.4993772094258113	15.108690805213719	5.4000316600041325	2.1617983428273204	4.977964490558826	1.29649709790171	0.90473064644797	1.9285304930935654	6.230905246656896	5.012198334919664	2.1230908116411253	2.577092306650961	1.440954412329906	0.6593675868841736	6.197380581763146	7.987862524786869	3.1105278937500667	0.8977066962228081	0.6090701392633058	0.4109539830831672	0.47059569782775323	1.2214577579002186	1.2742571593818188	2.302717731629078	17.166395976183352	46.77044711081176	20.59856573722627	13.604806835988184	4.9911945016975405	11.31924203418649	4.494643815275512	1.2183192319265013	2.227286407857586	1.695760184359419	2.529468246260651	1.4896717415574308	1.6550978137669548	2.0127566146838793	3.3179220751416856	12.314696797596241	7.9116769678026015
5.935737807767442	2.3146231029740387	1.7854166885668896	3.973467764972781	3.8623314159783044	0.8383705812503267	9.136581488295912	8.903244957576698	1.9710842827281747	20.198025525208518	75.6921295609138	15.83457598421303	7.528561132313193	7.274592988384996	5.332202890433572	1.086778122290571	26.6155513514085	38.91013452283052	32.55047073874981	10.293949313852387	8.546745755185226	3.7033176122449714	3.5983631436769636	1.7862840343213335	1.3612398739335205	0.7448060348371469	0.7256660800456213	0.8327037592977513	0.5484963845448897	1.2265702574288246	2.0552909566796487	3.8346794234044372	5.3577946433740795	8.289614781193254	15.946059661220126	12.56314109037121	14.080700326418329	19.93710241509945	45.272044520335875	40.01475590456712	6.201435666776637	1.3306412439162332	3.882667225891354	3.5915803518755203	2.829839747473829	3.9161383617405114	12.336879652258942	3.6922278763760197	6.165939182493439	16.87732807384556	3.957660768162857	2.297796351969411	8.874900212237481	4.950615865923016	3.8193462053597576	3.097482745099075	1.7483575533929967	4.36901904885964	6.429271463642668	3.3312597302547404	8.540172111408811	30.650143940409173
0.9113893158348166	1.2677231692758628	4.674483636378158	11.365304141628213	8.453365657452453	10.64941220499288	8.777626208451691	5.798869680379839	1.7763014740486867	9.003414471023815	25.83858347975897	1.9578281880350468	0.756531597446721	4.246971453905541	5.094568152021882	9.522050389238684	22.735574763304253	27.934485031116758	11.045661678266086	2.978855403480207	1.673989081253822	6.170019943456261	30.17983022869787	4.010439776542583	3.6998724737066038	2.5016822886098704	22.56691326546823	3.297993627217605	1.3278034403202683	0.7753927901742259	1.020665492815325	0.5686713139931012	1.4192099378594787	5.829424563824453	3.4244576658804524	2.267328139082235	0.6279636676370666	0.7985892861832903	6.845072798371803	5.9417722990071	12.276730651920312	46.63676928504	30.660184648511137	10.891888189298527	3.505722761550354	1.9414092795037359	2.931246013064808	3.52707456725557	4.579545669535944	8.559033347130887	10.2721156211964	14.422753986308193	10.291318018057023	12.116716732430026	2.4815793241063107	5.723103615529736	1.2519580666426091	1.5632077047078312	0.7062755576242798	0.38468806667365335	0.8308327210300773	1.484740058601045
0.7215957694244854	0.48063822878593393	0.5794928804980487	1.5979533030513344	0.8601587973370901	0.6572077147190317	0.8097432698803126	1.298795216654459	4.878372056738406	11.839139442424637	15.191506596262307	9.376449356473406	2.746265094975836	1.2468578079817745	1.1578200070151312	0.8381784851585787	0.7969279932168978	0.7634383487335031	0.7176979659807429	0.6345694270783496	0.8129448869027619	4.787207911761826	38.49074267436954	8.847521042718128	1.72717044902695	0.2627459227549123	0.21430378101867237	0.657272043849493	10.614554847535516	6.974261920723498	0.9185391670357486	6.236200908231894	5.190168841169704	4.327145334851322	8.999095321206406	10.193195848980746	4.22919943327311	6.752440150539946	9.689819615405801	27.684175926321313	8.587048605020808	21.75779106813802	31.418343203621795	15.335035761548665	3.516445296227421	0.7165685873883803	0.2823132005574943	1.1299999715045632	3.8965875376307455	15.394976076033679	14.999388536506544	8.143603705562517	12.356566567644983	4.743459498780254	24.108952096574612	12.586820545000023	59.514512349358306	74.58462581839427	52.47634278550856	22.54466801826366	10.056057197990008	12.710958637721527
3.331370496032094	0.39225175416180824	3.4406811217214224	12.371251523169292	8.209009694375062	5.047283875211565	6.826148197972198	24.353654898533406	15.848874145513687	5.097440919182496	3.7135708182578213	11.603591428532106	4.565602047387651	3.6851741613322395	1.243379846081042	4.537636973422706	1.8053402070111317	0.7151592923394391	1.269407179687079	4.997860541308295	1.3997453485423959	2.0504562276544975	2.551919848178738	2.752655018143652	0.8188491390053884	2.2904247514586213	6.472731123899935	3.8888758000212693	2.3883046391170017	1.2446007960968006	1.2934528406754047	3.2627339715467545	3.0396471908005163	1.4156389618972562	1.4122241208429454	2.0206981332354155	1.4386523302986756	2.2141997849650155	6.72084578600703	49.14250568413295	38.85596871060824	19.865282705883832	24.379109509816086	23.73911438708287	9.28835337166108	5.046382300240352	22.84239908484498	11.681440197617547	6.476754723640222	2.766016707408639	1.4216245828651035	11.665198123795767	4.937571844453485	0.9148171984815305	12.40479123698153	23.318297813517162	8.599451035778271	7.038174317580366	23.788740864622856	22.457765404678995	8.541620245326309	5.32271694721927
4.861193880905897	2.113139319879199	0.9466763728823268	0.3703642582612796	0.292349325178747	0.7308385710294205	1.4865522046693538	2.493466111363068	2.2392174423950824	5.055611221496816	2.9648148406373984	12.906352572633526	21.777675284161987	23.438595406348078	10.766930947829286	5.052601368640156	1.4572489177422125	0.6271242045734984	1.983080062807118	7.7684193077615555	1.3123010364856789	0.2070072831657158	0.3370470410336699	1.678337304138831	0.5078475196103953	0.8864525961105508	0.1971119649366654	0.42468642652052646	0.5509011645105107	0.9839454116891101	2.234820936268752	2.3157390225863512	10.917781083246194	12.90244961582431	14.625033163777259	6.701150240090894	1.0660268594646158	7.400565009118216	9.32422560991254	4.284536406133059	6.002275066484249	0.8051333721149391	0.4330601358943461	1.1282534943517006	0.9575178746514884	1.4335843410814926	1.0558012281052502	0.4256470826219678	0.41338893270849736	1.5989080596059142	3.527202961128281	1.2759187705910087	0.6007010395153265	0.45726422682917595	0.368733681743804	0.5012110668047253	0.6402011415293427	1.1078213481205874	1.9310563340966433	2.2015787284001047	4.364529205781948	2.9566442178901324
10.85910566484568	4.396099033585618	1.4861646454221642	0.33570657003307325	0.2041822847878873	0.39235663995268893	1.0891984831738686	1.71299947804527	0.40545212289232463	3.904247203850157	4.094244076053527	3.9181369269884714	4.5785599990120165	6.339134181237465	4.467086040686123	2.5994139388797204	1.9925187689540012	5.710865235603698	1.6943355977106718	6.242884918508997	7.368091896064239	15.812798881282484	3.9890594179080203	1.1932071725789672	2.419467795573842	1.8103897685324462	0.35217267080572906	0.36241280109001106	0.3207403532764731	0.3641622771728201	1.6129610850527143	3.956634170691115	2.2344281137909836	2.7731827961646824	0.6690951020525705	1.4934046719201315	0.9185069387038237	0.9351679018002841	2.8761338630761752	7.318487248430767	5.813418068100083	1.9691313588440884	0.9472667931493276	1.0516016078807011	1.1217517929324377	3.8460032586616295	12.964219054288412	3.268594970371043	1.0316346687402587	1.32786175728029	8.007738530670876	10.55819644527274	10.680517338870072	4.719935859497663	0.618577390333499	0.3190808751078383	0.7427198323273547	3.982414824031378	8.876283429615844	17.25144540663169	1.0214884669411328	3.7715823248797022
6.384701847222628	6.192518724821974	29.792451890165417	6.7047950960625275	2.57390245237071	4.24383671000542	3.016202219695875	2.042426374592162	6.659423488795471	12.725860820545865	8.298208611134594	25.58495808929735	49.751000804545534	32.808034851663706	22.239695257264252	12.30034074216068	12.570062398781806	14.332470474667664	6.460565261920321	1.527635371488475	1.6019251823947847	12.71025119167182	8.889249328678758	8.107612638479795	4.397920018179184	1.9136086192290933	0.5599866205726278	5.3571114987710455	13.417825944164395	26.13937736271436	29.32192052446223	11.232374219121642	2.6410060633075716	1.575895530615169	3.802252057523809	9.562270095850867	3.0218532178872346	2.424081523903142	1.6665585413867583	1.4520076468683356	1.0537319226352422	1.660230146731016	1.9489309294492254	6.54731109085921	5.9730795231952545	1.5425808269105603	3.4948159109710373	3.915505793624716	4.0765808777983	3.642260648409354	1.6596365963490913	9.44899431961373	59.87355326724949	20.09070979359553	21.21694296151313	29.599260918934135	4.508623040562476	9.132208130000175	8.696999933398008	0.8968978866728532	0.4694318783614106	0.8961118255646675
0.32878514785549634	0.8141753717379683	0.809486798472037	1.534810173747628	2.505260774638266	7.52087260762699	58.39910256949052	17.74501649243856	6.9231745857177165	3.045212192329729	4.4041261407995655	1.6391171200916785	0.825810954635207	1.5331521751891386	1.1341925243978772	1.1223527701123155	2.274177820583792	1.077921441815645	0.9220725683904044	3.203168134487725	1.3670499909754006	0.8220451090485651	2.1095932572547165	4.093809061141132	1.5025146128429638	1.857577701152612	3.443251550083403	2.0704341053678923	71.23969896813924	5.074651982792928	4.117255778959013	3.046246507289249	10.435195518425056	2.079132132484709	1.5227950444360572	6.773393297099819	4.6147684227751125	2.242711718622226	2.292142344868534	2.6110332066154442	1.5498679380108267	1.1238660519146921	5.728084964680711	2.9121105996206493	2.1489452980002	0.659982963690018	3.0890203109029133	2.1565904918207623	1.4734537188379349	4.931977786670617	16.172969276904016	24.45815150032667	8.215824649279599	24.09074905673878	7.3061314893809435	20.260994354551336	34.84080857509343	19.39760003746164	17.863203579249422	6.4142087768207645	6.023906831526912	2.920976065323208
50.74440826370542	23.379017668532626	2.2094694169617766	1.0963427498649516	2.072576254614706	1.6716436944930624	3.6370627609627877	5.808057762963694	5.743848460005708	5.763037700349206	2.689061692609284	1.6076847465733342	4.596469856774841	1.12116235965484	8.611475784990612	11.553515179261906	1.0314875098513037	3.540938202828402	12.6132076564856	36.39713951576066	5.183295948414196	3.8608025991715147	1.2738439844135256	0.7483632712391365	1.6088431878148584	9.574424642995947	6.913894055767669	1.655867716935035	1.7088590737985052	1.1467572074235886	1.1204024737490517	1.878433448315671	0.9174315433472119	0.5750132682031202	0.6336292716156312	2.9241893497445206	22.57843467870225	12.243596901206205	3.827260236516349	2.200220424476617	6.9876962742980675	1.3539422704279682	7.229827940501007	6.813416485756692	1.8519698005548841	10.206919673326338	13.39124690361324	3.4347907155644544	11.615163508587088	11.592618965316989	2.0409427478126885	13.297301188303988	78.3391331319532	17.275866490298498	10.944903313419998	6.926510462547234	1.8544319280316202	1.7770875506704134	0.7906438421635644	0.6804801004934319	1.1519056950831137	0.8700145267078025
4.410798834396548	4.771691626776172	20.26202052528965	7.026029034278759	5.053301866852525	3.8743463994964933	4.423026699778727	12.167576279008461	11.724351277660807	10.47182687017193	19.597751647935254	9.29156516557726	0.8247266829171271	0.08602970631837704	0.21455470247197012	0.3393798690634418	0.41610056876191037	2.4087743066731457	8.43798533546003	19.838424549419386	4.90604750002572	0.46677271653274116	0.5856109063204309	1.1053217959420965	1.3451452311055587	1.4931259748929584	3.2993561835174856	7.185970530725854	6.747286608998299	21.47548412027668	3.522143581516766	2.2163207788040316	2.1658069055309417	5.537070429532892	2.8212957145139956	14.702270381706015	3.0340910903970766	2.0865355619540975	1.1852976134558515	4.584264879952023	3.8029574237076718	2.42961850566945	4.473336483831112	2.4999749894391696	0.7232489002785897	0.9278477283918612	2.6158805235541753	4.986868613305715	11.62108154718027	8.916023696368669	3.5249763782179793	2.0852746767831203	2.7251955588580405	1.200154687506846	31.81548586842476	12.835603685097588	5.983244129512204	1.8229518756249916	1.0752219198093085	0.6954390459942219	1.9153181539408966	8.61737822965338
1.4842820894744033	1.4499536403859683	1.6574815616004497	2.4126668042055854	0.6159014914518604	0.31354738124158116	0.3972039668176591	0.31171801345679145	0.9534567200987037	1.6793218691571241	1.27112759280868	1.038097068047207	47.132178529772176	6.32883226107319	2.0904249907954253	7.729929531845668	1.8327775514427078	1.2057135484776518	1.2179182271221476	6.643944590811135	12.060826801845138	31.551706760173715	6.638826693251327	1.848929141834733	2.0961594981713767	9.162604164563373	5.895593231020662	15.207609439756796	7.155611107976548	5.561392371426671	3.1736583214405325	3.6760107266379305	10.285042352243307	3.310674256124032	5.24828094988499	7.199336269455216	6.39132192062615	13.757257835955748	9.851601113405177	3.2540962868797267	6.0767639588676	4.64876968730579	30.049208162498672	11.276315734079745	11.19228275095297	3.2349863768012344	3.4773786925484558	1.8338637397268858	0.978850820268751	3.3611869629146978	15.621222620641554	3.739779725785446	5.0308324519669	9.05048832062171	8.328338282502754	42.265349109729634	2.6750546522015592	1.3167244160116551	5.8389170874654805	3.1684555383900643	2.01999746983553	5.805815838324054
