18.198184666985547	28.90907103107234	10.135736224949202	21.382886945378694	23.186529240412707	11.213871936688108	21.82740045490163	88.9677070252463	60.560782058243554	100.0	25.999292075461323	21.9932133756885	32.797756668845295	25.491830583817865	26.456836907520106	16.962815921628206	29.490756800203894	10.509661907536508	12.377403738190754	10.85590280379671	36.252762281449996	31.58749205737696	3.9921370026001037	32.32887236018715	32.77569868604582	8.247291593818076	17.44152496745475	40.513731914797845	27.669067054306534	21.19055452330216	3.695100532236805	3.590493951996015	3.0390496469168897	5.604493402101842	8.188186094338649	3.52509930079344	3.6216028922500847	0.892327122648777	1.4549807181025556	5.280297300576492	7.69794714477239	4.689941561631252	2.176833655712743	10.01049794809366	16.993627277441362	7.648360134874132	20.555712911209085	11.058142033285698	2.9698467005354336	33.423648724385906	43.11150359930613	14.70405923715939	3.2555625470208747	3.3085497104143045	1.3639575482820487	2.595599537526205	2.081493634305388	3.2249355281792935	6.374618537927706	5.919642028261691	17.85706584059755	-1
100.0	100.0	85.30973605309532	14.86669539813939	21.976539459525934	29.430004247594916	11.967933151296965	38.083887875040126	100.0	100.0	100.0	100.0	32.63157299701554	78.17728943281035	93.44121703726587	46.298264741533295	20.309724159394733	29.514472452203005	69.14192641577374	14.036399670649367	14.277439609719153	7.894957472611899	9.888684018087595	4.245128027901966	1.5024396679498198	3.7470071240858402	2.8065655257087316	16.741951882192666	72.40489621798545	57.35591939710485	3.7604799376978706	1.4515517834832734	4.5050697763458425	3.9809050403259185	1.4860199801526779	10.46826163905144	49.4957480255162	37.84509736757831	3.999875182897623	4.744349627733572	4.374094686018251	3.4787508145784467	21.572071343880268	7.704470359835755	10.480192677066011	21.917784234357352	44.19549474560206	30.50369089585172	10.128726013928802	1.5448906255289043	0.9158806663628551	1.4536353003558526	8.712954581647459	15.076780137901805	7.75043335111165	10.127373603067262	15.209601714594791	1.7414928118524902	10.728988271021173	10.832051087968958	17.844863480056695	-1
59.57844895718116	1.600186744895313	0.8802001473374109	3.8283941030911577	40.65510430823348	44.35741153971111	11.176353712172505	42.275793243066005	45.721661078475485	43.857397470303816	18.842943835393257	36.04828747577325	62.28656363627083	4.721675915664241	5.254644264011188	12.89975610608058	71.17021491024366	71.26223183770489	78.10676337513317	18.93241290586697	6.5101417565738195	4.283146624399101	13.19788211217618	4.924925274582952	3.9807469584142217	12.185984236831255	14.23167459843735	6.296590841082998	4.119478855445854	3.9672835372204602	7.466663121468935	7.010974278409908	10.146326255584828	19.688441446286788	3.8039445058657364	70.12386138042008	100.0	27.528916498399656	16.720167040282863	85.17691358964183	56.65675066275208	15.203293392092815	12.136026670749496	3.1261256240112907	7.871763752766365	6.812904137022331	24.393305085317785	19.994517862340764	3.757938583642106	2.706423098637233	6.982510661963857	8.346002831864068	9.162691207913788	3.1192115679125734	4.9700686822067555	56.322819086564465	50.29837116269685	79.98850406241417	100.0	70.33168032262684	32.13439474848639	-1
17.33242066512924	18.699805090508498	22.224937743003906	6.766164536221353	3.512419106961384	5.667957627581882	4.317771877266951	2.618908496660246	8.15002598878215	33.374380949577585	93.55718427656726	10.878983352697183	3.7986743525388467	2.593373193988731	1.064287969385567	0.627494091367807	3.723051321627071	13.5296443070725	5.235556055731272	1.8922942553069217	1.4857035236111935	7.063778394396043	83.89447374022777	51.891131173194296	58.52183199917054	100.0	75.49349904960185	12.715915458266537	1.2773203076771973	0.7590247525554426	0.6942106269966807	4.177000949456192	6.775729519656474	5.318744572015234	7.234393859963047	6.399161554389984	3.0318076659343722	2.517895782952047	7.476815523347357	10.62386904201676	7.561942801217395	5.7042226722275355	42.168331989345766	14.692981025839105	16.60255335700984	10.753223770173825	12.001052344468667	14.562691244522213	16.77597176829771	36.142803011071834	6.104354482043345	15.249696488564938	22.379483822915383	24.68486146983677	9.542293650803908	3.789733220654774	21.878952613298402	13.636168865903024	4.1453277426021735	11.221857686940075	5.375727550514703	-1
100.0	100.0	57.4330847097944	44.823537144975816	90.51746807849335	28.70861965009754	28.024467336528758	100.0	92.1301054817092	99.60136595815665	100.0	100.0	100.0	92.69049837838872	100.0	36.20947195517182	5.578508679550091	2.89190735608755	4.653747759314717	3.583834684165111	4.630572184896211	10.625024447090537	15.520691955791241	2.2509018568200934	2.0216378873828424	1.6239646987809673	4.224587738375994	2.7029370537957758	10.325668676786403	7.473893079261677	18.290298594955196	24.422249859572137	33.10876749028449	28.993261558686196	17.784046391550035	9.284756448586656	1.527154112348764	4.420057889158289	15.647033699234203	15.178371899989058	13.921864771654839	14.437118589274558	13.640042913384496	22.458453766007885	6.55608180706842	6.83053177964359	6.390444948120718	2.885414912035241	4.334446580788338	6.134986603276829	3.6325087757674996	3.931773054621482	11.606073276882045	17.965705089453646	36.52732185637181	100.0	35.80554198795264	4.554030536117693	4.111654583629017	2.310104734187259	10.482382490999504	-1
39.303883821229434	75.86848654175675	16.378280132666944	1.8617795614226118	1.291017104825241	3.306737665552655	11.63913998692615	19.816565824949475	12.157287502164007	9.341280495472768	2.6836001279108106	1.3221765336902014	9.248555471163643	10.41284839819931	2.0404511280342783	1.2406549982755422	3.1979067807623927	13.694253710497277	14.522866477886076	3.8990844864312506	1.6305370479000099	1.3100787046976403	5.627063468334616	27.79258105872023	40.193927032140714	35.56826960163445	54.401332989358544	41.243552407504474	15.453432751060529	1.5687272222369237	7.235335626713831	8.285201128125468	4.410264910216479	100.0	33.666291991652066	7.471871378059969	5.863634879854573	5.36494565241137	19.155861489693454	31.447207679607313	25.437147940000084	52.05223573093621	16.45134010468173	14.469177206388498	38.70099938103628	10.106008451136244	35.152500981487	19.41017250950955	16.166582578180723	47.50273558252769	38.52409614602104	6.743730547296181	4.282476360416297	21.120293690470266	9.228070150445806	4.249906323410254	1.7180828492011775	0.7804815420193004	1.3628086416367076	6.109758901065256	15.113124494239306	-1
50.50980533882893	16.82515952530121	43.37290325432814	100.0	100.0	45.81898349136592	40.30131746626913	15.211046662465122	4.062588081882581	2.0332746582752157	9.146145758230787	34.852984700891845	15.41692895738951	19.916309524511963	9.396490595696916	22.612694667914237	71.1481624296185	29.73423065758042	38.30313657853529	32.74633043287574	34.297173040263004	14.200718369435727	8.662062782006124	54.46035388500671	11.58677061149245	2.546735182726947	3.399364585514951	10.319982849510009	10.144701284442046	16.07242892340485	15.178811105103007	10.786348366080093	2.954839264417607	20.437551850867287	20.953550767943653	4.617514467025136	1.2599494695766513	1.3953289967118454	2.4011012263928118	5.026637578230614	1.9784243668556196	3.010674083877409	2.7959669846765047	1.8361353707631562	6.2643976635254495	4.472828266359652	3.7534063673574347	3.3691271269033125	5.329065125564596	2.670255645389014	0.7856052814892968	1.0699658084694754	1.2146159175973075	0.546228614715363	11.36046823342602	10.647190105994335	1.8368228293874151	3.2580456546530594	1.5360540238449398	17.99935490225943	100.0	-1
20.32982295704974	8.40170371399118	5.138878514955873	1.5468701433227268	2.3202671581196013	5.581405813135824	17.594088111630168	11.981293453816347	6.384213779712433	7.066323257813565	6.066073385473782	9.47131043667925	8.89050658740645	40.23626680061144	89.90991185216504	51.33655549735978	48.63290288813384	38.12374734656206	26.561164218326915	6.297155366416257	9.28887840907162	12.57177512562729	14.423522831104533	6.027423610909591	3.088604557647468	6.4467794030155705	2.0363842532049157	1.549877057945499	1.9016214028845997	4.370876443170592	7.298354058225725	9.9751513214086	27.39329919799949	2.4619421180448553	7.355096564228225	11.254245979599972	5.482450991251374	15.08906163796953	2.5901199977400498	0.44092034871689867	1.3712422285425285	2.2056931083808977	47.127521740675526	67.85702012712758	21.324101806151116	8.686623559393285	3.802764008649455	7.158702065346763	6.9914110732663985	5.167405906927416	10.075967095932304	8.145753278297411	7.416908349009692	5.412644337838292	4.727839949187096	20.363762369075705	24.314974844693186	6.242015537448827	1.3089060835889483	1.5231486232385978	27.398616843518667	-1
30.597076999765324	38.219961071071076	25.525464662789087	11.391884855156281	15.902239739842768	36.54975886080593	100.0	21.874943529891905	6.429329444672755	5.353581415847568	6.023045232646706	4.746262070596483	10.702161366266582	8.99244936056357	15.82424371279462	66.5810414414861	84.0237909648689	100.0	8.218529506288913	29.962848333133817	31.39393611922548	34.12047526982844	7.0221747055747015	4.341804000821397	21.937510151164023	31.480913460431406	8.263812517894978	20.456356503687246	26.94109275130511	6.461553973741996	17.19901407006436	29.0400622697618	22.852159917531072	4.272011028180929	2.9124054131897585	15.966386262169022	57.76615966736016	54.47245053402647	15.293263929012673	17.599699653054348	9.51411384039665	3.095768769766876	12.673360916436943	78.37763342984007	27.02889984918208	7.906268224465921	7.332300391327879	20.47377857951019	10.56824065159159	3.9237777124977318	9.434766021151374	12.843154870395454	16.636641856625232	7.794348212520557	1.4392373519872317	2.035249950547981	0.9463270838210975	8.006433354694243	18.189274143441043	9.18430528328051	6.593036818967674	-1
32.77387699561469	3.388387482065113	3.8870875516375887	9.713149754917644	31.918227556615253	55.395253488547674	34.10854069886009	27.693123545381884	55.21701529851089	19.593808010525432	100.0	60.899563107562486	11.67858595575685	10.492489275687536	38.70088103209739	15.541540217024734	8.349968307514205	6.368277799004945	71.21276000741732	100.0	65.89339100932777	41.16193267052232	27.865656067517968	28.26578863779955	17.73770081545208	24.806335606899562	9.386129926162564	27.929669581685353	10.12002640601848	7.3528714129180885	9.018823769254194	9.326128315653248	29.657552017631783	19.94003987810782	10.919794408720444	1.0854134488703397	0.35011545931324395	0.554816359894387	4.562148219249923	0.9980703244466427	4.346740118718466	22.583954120642034	11.284149547537513	2.167533613311104	19.36690031207551	27.15438028470723	44.59460646015673	11.211315599496473	74.57877066161298	10.095200310640637	0.9991573247130976	3.8415170010341337	9.471404312862406	17.6394531081146	100.0	19.99210035548274	6.872009174935844	6.6740993389879835	5.724943114201248	7.865916292607714	17.389092473533754	-1
49.39531253036283	29.436775371880998	6.625617059141998	19.367950720558618	7.305134058204344	1.9045468696478554	4.035396914362459	8.86870233394632	34.29406798578388	11.290949661703102	21.297043135984165	17.830846444167555	34.579198114700766	28.01548792278523	15.258768079298024	19.537471470629303	34.1763397120311	19.33162256682456	40.83793045015679	29.91879777724318	56.436411091321894	25.95885520245497	6.715739784980539	10.028507631715838	12.83767422601789	10.616625232199429	12.590696521578092	8.673051142681492	7.179026680568138	6.361713212188891	7.15939813844967	16.887835800962655	36.242632899076646	30.944079672052705	87.98177346597878	34.6098642514302	37.698947004153304	10.602486464356238	5.709453133483204	7.141236548078771	7.344420230105365	3.509724278302032	1.3131954696861963	3.7541643187787086	4.431385282793966	3.264516975687203	1.8974064120184386	4.665909975202916	22.19379682985966	59.67293591303377	56.285713984710604	100.0	75.4305684729138	9.020918612761392	9.26047662587519	3.6255345776965893	28.050277347267034	15.909595598297441	33.89023145524214	20.396727292931505	100.0	-1
4.4421914099938515	4.876587125573404	8.386496831992472	3.9074001362839894	14.198907052736738	3.3174201345014516	21.8756378085441	10.134877920484824	6.54223441018589	32.6118042587215	18.716042154578194	12.300415589189106	3.2055076060160763	3.0293421641251035	15.589473731295898	18.022877852181683	4.582299859343275	4.81873803241227	4.176660998183887	2.1095501633614098	5.7809683972647825	12.181284704741746	1.369959748590869	1.78530161073076	5.425273067661948	10.551102165649931	12.574614016778206	34.79144835500068	67.37925312754449	56.61625412810369	12.36141031082558	4.194863759888596	2.5202665034888603	3.8342962884234484	44.08379519165505	57.945627357917466	21.155022354535543	4.86310474819893	1.757760178617435	0.6857562212183317	0.9324981149480486	1.9216546559103242	2.9581472602581487	2.8616000177115613	4.991761415637514	3.434107872656594	1.133736587594994	1.4732129827098877	6.1384656423048565	6.683537121711907	6.544985639678296	4.1863000256874665	30.266748835925817	50.65768063076539	92.35826207353487	13.27171104126254	4.789930210696092	1.562242890812207	6.820971974750885	22.006983976920864	15.321595381654909	-1
1.7171852203828382	0.7886978604487902	1.5671588289376646	13.30225254897366	6.309780880528626	6.72357720243259	3.420099202478555	4.194979738569756	1.2581080067865287	1.3802580321104452	1.8092656826821198	4.10592286286033	10.41517350991091	33.09857668939178	14.942113965512563	12.251898753967058	39.006836307284395	19.234494490996468	3.9843086626041075	3.474080186491137	5.506629847761635	3.7316297805426064	4.390791486056073	12.090030309585405	4.449924832483124	2.9092691808833946	7.438990267274846	7.3437989108615955	5.67920426370186	4.578155113507568	5.385753808380027	6.482434092994258	11.70751073141918	39.10344301471917	65.64919023406713	60.79782665487258	58.649335082195485	38.48882380057882	9.975293260253	2.17153762399184	1.161440898364915	1.2383240875506372	2.2315909364498876	3.705566990474969	3.7061220067714786	10.145096580167692	10.0745389285744	6.356208660657282	3.659790420324782	6.558329664437996	4.09311389220162	8.457915939208265	62.61276579955415	83.73805386759238	75.09012886730845	21.894276341410638	4.929039958952898	100.0	29.493445697190804	5.19949235905571	2.065275890010736	-1
18.595287360064745	22.466646815734837	20.06679624307177	10.928945111366957	14.23928004492214	6.479474183439053	10.164817461558162	7.20825063420291	3.2601470841013165	1.3645842833881179	13.016737557530195	18.099606450335525	11.859034927676955	5.833486291486377	24.085241099316008	66.29499013379218	5.222344810924372	1.710347420714512	3.177976647751691	24.28896420910211	24.71623913177435	33.05493849670182	20.449390194872826	17.689401448172372	44.81388583184376	10.075300021708061	2.5527083317609107	1.7964413868625932	1.2935209402108112	1.357283828678992	8.48942196235736	6.886402932502394	17.235215136497892	7.700695205546497	20.379404066259948	7.393613587606587	0.9493171002762955	0.9651078011201463	1.6097641686707007	8.801500375354228	1.0995454979543478	0.987199872002292	7.522938872778687	15.683037419321435	25.86441879645761	15.733142834660017	31.547021477613026	50.258069226742364	9.896137117536194	2.0811563574673704	0.9679284407253955	1.2430849196539975	5.923431159189999	7.355175376364951	16.50381723934124	60.51923206950751	54.02745792168157	10.10437700376614	4.106313909299629	2.289051815601903	0.9667943956748309	-1
40.26160262252291	63.778256301921296	11.187871375759219	1.4488190380435233	0.37360466059826725	1.4032818374993157	15.138257805963073	15.139277988702693	24.641399214217323	12.775840780279701	5.820329291366768	10.92638141269089	55.5821803126805	51.995154715860835	46.214191296100445	14.245064436360728	16.703288568182447	13.962830574328075	11.373234173006095	20.335805670695915	27.52716025178273	48.841331249686135	100.0	24.58515792696457	8.718331502810782	3.4049451073849477	7.990149412603568	13.681705290092744	6.3820374394376165	5.405973855551977	2.416860119713034	10.835437237091693	30.020734796781152	8.605316775587346	2.5592712565910056	3.86527045658542	5.777963764090608	22.457611805134643	37.214557908689436	62.74293029227028	10.814420520850684	4.3469463824592935	13.90330579921531	12.091519301861975	52.342763472253026	84.55558862192498	100.0	53.10898128788241	6.7572753520916935	0.9210748189601882	1.1458215209558247	4.551401674213783	10.669653134655697	46.57191782490032	100.0	8.749740795211265	4.599217609305184	5.089581679869497	4.887807948397103	1.4896848181120148	10.45689143940526	-1
11.477612624277961	11.080284301333975	64.84168649869099	51.44405022953443	52.76433812755416	81.15723313379044	26.48644346350214	8.117097390120168	17.631535366922314	8.107210739441944	2.0172890156009355	9.023540844617905	58.345722718622184	23.629329453120217	31.34317383517915	19.156398697985754	14.381347362201893	26.858737384044304	28.579800365323628	13.71399714532017	4.200310881883503	8.177811090955867	33.15533272421131	11.424514289199161	2.8255039901909007	8.31662533746989	19.600485767392133	4.038839626400337	4.46536773779282	55.057131414231755	100.0	60.69870276487322	86.2430097845244	49.272610569244854	3.782694946052538	2.966444517070093	1.8810872716678895	2.278977185611122	4.736829866811982	1.8503253351960776	6.627448660765425	6.054674853804583	26.678236609709778	15.253598036828127	9.282021244702955	8.145884584635397	4.818923978559416	1.6356800879190754	9.098113278010374	32.92269783085452	16.641358676034773	7.917308518545497	1.7471533590109316	5.564701744241931	4.562162039798332	3.4496628600686745	24.42551776959471	14.443552043177085	5.976835845283135	4.074776401704065	3.9564261495875472	-1
14.51195493609292	13.003155472724094	11.896753314458774	17.29522146712651	15.341210562583154	56.819343167363535	19.262252031369165	22.06783707636322	2.8861755788626327	18.409991418494958	45.4968708632261	20.874346350793626	11.050683754974036	7.212264479912255	34.37224463824694	17.353570001592132	2.2690374484709355	10.888650132394446	3.727036140957316	19.650447790398793	10.766059984920986	1.4953748335953714	1.0939933396045658	7.977808664833294	5.792165762564504	2.7836837880177256	1.6687014136390812	0.8684326067260884	1.0381632693909086	2.0978331317524694	47.59573718066587	99.22611937486647	26.98027130219502	29.62636385968037	100.0	52.60853280953091	6.069901721026496	4.240171363708329	1.9037828166460047	16.82194282766135	8.67944978888722	5.900493020499747	5.1420671510472955	3.0470708216234565	3.198144771504886	6.0917680993190215	14.222409231153243	5.639169855602392	9.757494441387228	21.367041604520832	4.232601203562323	6.096138090664654	66.89641774752592	23.035449662673095	3.0893803818040735	3.7982849609327234	24.418048649201847	14.93097506942122	31.30109836837737	69.21257076162388	41.56354301336991	-1
45.014431377921234	3.0483727010936965	1.334913145301972	1.8863406629777437	4.250549989602453	5.382295644968577	3.0549055395886207	3.0545331522389683	8.471832466462532	9.57354541644747	5.031714196756305	6.196683861260266	19.195655174003413	13.651790901512163	12.268060550685336	15.489812392227794	7.916996506008276	5.580197152598573	18.253514334091292	27.591387501322636	20.126492799329927	9.508236372268962	1.0377517858476857	2.123425181955572	3.125937951099402	8.868737742772282	26.83482883311167	23.82512628417635	44.413103191037315	18.881695757848885	22.84453728453544	18.84222278136278	81.84096444599331	66.16673843863258	17.466656642643763	5.004607646214702	10.629727853843168	12.14436566138888	28.487710923810162	15.273951718788727	1.8472497958064276	5.0669907810678865	3.499540090560262	2.184524367445959	9.111740432779367	8.080068605643671	4.346743212629141	10.679491815880267	13.15498772764659	7.630062257880505	13.133306103677455	11.985049784269254	7.149468290561039	6.626315286464826	2.0350718945285164	36.51390780342831	5.824228479171393	0.9800215262931544	3.522509460100261	12.612591570138935	8.43845351516537	-1
36.34166979187298	18.887292767166247	58.47064273984889	57.07654793262094	28.552382950789987	83.6447800772027	83.12523027168048	89.90913481999905	65.27901074121127	100.0	54.07072031876469	24.659671926545883	20.87992506875214	14.31051691452709	6.789281605238187	12.120538168753463	11.146789766824758	59.524885685970084	46.10026148707286	24.690813360056172	6.3104060580501695	9.0251173389574	11.346639062813312	23.802173740940297	10.887774935674178	46.98444744764711	100.0	100.0	49.53447243840051	14.369994020786903	3.3625808580756096	2.507026462515409	1.5231122815141556	7.8264044403089095	3.118989018775365	7.6830203849850935	1.6433800674726036	1.0507857276544759	0.8024678543105401	0.3378154150368342	0.6136108203222992	58.25818722856527	35.5796966286826	12.12106128309713	2.443288180018067	2.9248905955971742	0.7663706732373978	4.8759641590952105	14.869116043463583	17.957792769349687	9.516433848523619	4.0665447881587	3.207094533129178	2.391169164119514	2.1879895770911504	0.8839217742361369	2.4184357629119955	12.013088125162412	69.76395897690182	34.85085017478051	4.744134984848352	-1
29.837970711373686	55.967053197597885	91.85815943988509	17.584049902721805	13.51451306437495	85.57095920181627	100.0	68.397327595981	10.955978054279967	8.786354280562197	8.531616921664007	17.27115711364604	10.220839407486725	2.006466924739107	7.4413398452123145	5.4836248876265286	4.477911022559026	5.513899722984679	1.0618386430812332	6.478883626781033	20.521595690999618	33.242456415563844	55.10197720358835	39.683433553299544	38.05197289877243	39.58273653992137	7.532884256495172	2.068626090163013	3.2653195713291843	7.9815274353049475	5.309611529990308	1.395942082211116	4.621726559931439	5.935080916569578	4.839809328946559	9.412760415475706	24.588535142721334	10.803921600710424	8.332939608962413	11.377799332993128	4.893205021141436	2.0511231870304583	13.610612053037288	12.344478108900912	5.2382673607313555	0.9388558702714056	1.3039165489147964	5.84697357716034	1.3412319075355996	3.091082969939254	2.887810446149866	2.3352620004224556	9.523676878212926	22.868560118877824	21.125945090060426	24.833259889388977	22.50500181651543	6.436769534125945	7.318898664131894	9.451883761970976	27.80554934630955	-1
45.97956632162959	100.0	100.0	75.11569777590465	100.0	38.309331643007866	36.58546307682109	7.621237033583406	10.942210848665905	8.333018582230086	8.597733162686424	75.8739780835591	40.16753562925287	100.0	67.59268704304999	37.94259105184396	19.604629290682052	2.220594970390489	2.829551038039838	2.6645328185436177	8.990553392061631	29.01943195842517	32.43880199783117	59.67535223145454	75.55123960022813	38.24345932843826	4.110969459022688	13.395808722890635	6.66113427446024	4.4226888927409975	2.211584166753324	2.6036154492479215	2.610497957584866	7.493979481664402	5.445041754398952	17.589105349611568	8.881070166868318	5.09903670612937	3.9439225551846073	12.350594488778627	35.572020845977654	13.298755894738765	4.995171624376845	13.316013185829517	27.013415913035114	45.911773541255975	8.328613822264806	2.5956747629178945	24.460691448578142	39.48518613616525	9.145561753470588	12.383403563423778	18.94467799545696	5.127605068934454	3.946410411490858	6.702656720946664	2.1752307360804473	6.101767543742553	4.357729122608335	3.5029960645034253	4.030970474458422	-1
10.408737574612497	34.27413504740058	51.78283220871281	15.32682459543249	20.843557231546335	6.80865325184328	6.5192628768079395	3.9439041231182923	2.577705513955711	6.328966663100029	7.329354591651933	18.24847876878668	21.20799624123363	9.731050264495853	3.4790654380331363	7.0531132312643345	5.4823567523255745	15.547952212824397	15.322852998022189	29.837086125453272	9.269728924970122	11.790181486502929	10.353365192352697	6.192773604121051	44.0996287061276	100.0	100.0	12.542805855007472	38.39554417824167	41.8597694790388	2.6199063270270244	1.9389515564872415	0.6066669728012357	10.130903385171113	38.0382039965001	36.6712121677315	4.164150242227189	7.1115745183584576	14.612073589437642	12.070928993353755	13.449746855533222	2.6442476141754674	2.596623764242287	1.9791076692654022	2.7348628325703817	2.4173164409674235	2.119498772329649	0.954200041781496	3.6477661358318447	34.85571226469767	46.392208707666256	19.574861190865263	5.9427884566795735	2.1115409017500375	3.3775911396946556	6.305554131992334	8.054740114570784	7.007138998644912	6.924647106328921	3.9703144930281216	3.4829966063761026	-1
87.2120267866996	81.47749587843208	49.53481957780469	8.561527452573486	6.252225178461745	5.577998582355398	9.42217174091421	12.21233399408681	12.082493530503724	13.633810350790325	7.196901643877495	17.788361585134915	15.052997965812828	9.285751643489041	8.8794094453161	5.65592086800342	17.42285036347822	32.21272497528784	12.23170217518249	28.507810851845054	27.649325226732692	22.156824900952206	9.563588836566595	7.105423007735739	2.2358519652590085	2.2761782026562942	34.424867913006715	7.7301039277757235	6.087005267373227	20.779717077540834	12.51776768630909	9.267520752274502	2.1192047397873375	4.918989112403253	23.75786264966944	6.336951771609498	0.9154303756705187	0.16105478662103845	0.2181903549916846	0.2216847210768773	0.42193583681598584	1.3594359371085731	1.3754377099654738	4.159225171745366	24.831156077901976	2.498322952326405	1.6031697756553354	4.549776631069452	8.684882200384823	6.026624978154977	4.871568233328244	7.359595428478664	2.2830915313694584	1.5627109587141905	1.4933486155247475	2.298927111749246	20.756886937478924	20.577383421995847	3.428195265051237	1.13227293816324	5.491746255434173	-1
3.8672689268950675	8.698699859964528	11.695301584887101	3.0217441505892793	3.472149658569173	6.160819429633527	11.42805297355266	34.11295275986147	38.065869772645925	53.926354805868506	20.284294066124772	34.078784672956914	100.0	68.39503034041988	37.51369342799819	40.88658285819457	44.38217062830756	25.229433488037863	13.382789930110363	20.26831720131794	3.473892118296964	2.7163877459508403	2.1334402996316433	3.157069536327587	3.3809213391900674	4.901862565406459	100.0	32.43973209381515	4.1382225077379475	24.46297394368911	100.0	25.33033847848526	11.120402104617936	5.650120607343692	0.7683507865432594	1.1101724230796015	19.29160055247789	11.549069653703954	5.970726279674875	4.223937430879375	22.94667940191332	23.59004817948904	43.13621769722572	28.319947590859645	6.518885384848225	1.771914525890191	2.620582171790571	10.57843793317418	2.4108412329553826	2.4430731531315053	6.6192223576340075	21.33129156228166	49.97907078982515	23.379396557278987	10.75929698612213	23.399745423334554	16.902520778464886	24.672267767120342	24.509352614012897	4.5013770067724375	1.4384761117654845	-1
43.42408080462139	32.113903787865794	100.0	100.0	39.61131442136983	50.07424832179386	36.11184666985101	31.01065642620332	15.183804248665384	22.71269054117634	21.093918015367937	11.10158477175826	5.2321945169367545	9.971473463474066	27.2695656904979	100.0	100.0	100.0	40.9011445326869	2.9510892624327445	12.558412478361104	25.30684438773305	21.673609175385003	9.49169842008088	4.66043995352554	3.3800621888550295	17.99412349192485	18.03958612774686	12.160244488120147	31.152119274655604	27.481213046571888	51.1339249432068	41.848758363264444	4.22161831090501	0.481645738428387	3.3063860955414426	3.4936492010748297	0.4124713588305935	0.529562992268477	1.2938927802514704	2.386023343249562	2.769987104779217	2.8944052517419903	5.293888380534906	3.1744078176108292	3.194340810236257	1.9111053079247193	0.7872602034766046	0.6616523883345183	0.8081273129746551	0.39308159055581343	1.6357422758384266	4.784460295351555	13.41835785494704	21.945963400890932	8.27629493184468	3.3946953207621324	2.0884780786121744	2.2848640177949187	4.6304530716880326	12.038647510320562	-1
5.08212363414718	4.283722940662326	2.0689930301739934	14.640239737535545	91.3083451031138	100.0	100.0	26.61376110975567	36.80249922723358	23.03074166519979	28.070327695722906	45.618875487055824	45.09862989645604	16.85087795778122	2.9449051165698226	8.623216749222257	7.704066245399719	47.7992173107769	100.0	8.91467216745675	1.0874587335271704	17.808894645087324	8.863284206643813	9.183550371474418	20.37172976831466	22.304619524318518	73.46478364178564	100.0	9.577052494872765	11.833449453082869	33.034959051872725	20.388115528771383	6.60763205324325	1.4520673377872815	7.877503253256664	10.077005208267806	2.9130688127649593	23.18382076307277	3.195985415468326	1.7290675722989677	1.7955838645687145	3.4562530883956892	3.488560978825363	5.815237290596082	1.995269038107027	1.4083621065015055	5.659975963615803	5.251113653975981	11.777167575663356	31.691262112945694	3.074670726459076	3.0039651235273723	4.73600374860073	0.48207114761671227	0.3080115691722388	0.6209658686761511	1.197488884756053	2.5283195205776843	11.922218107970279	5.066685346784605	1.1613175726901968	-1
3.882877600036619	22.680433414604092	38.615568196833195	4.195708937684352	8.27021794656311	61.70388951444788	73.47237262822814	48.43780214635846	70.51173681961019	28.71913109973308	3.8391110537013677	5.154517314403281	2.576744591731812	0.6667283472064587	0.3009580716013427	1.2835468084499633	6.939977308370354	23.220833844003533	27.03374206189748	13.923233501906708	7.390856578126618	9.033085392601036	5.7653566890434735	10.995838155266501	26.956913782665428	23.66394658860804	10.524949772561092	8.475603316268176	68.96712043176012	100.0	20.431373706201104	27.442554485055798	53.08979282891011	38.72300025055838	9.469707924927974	20.214753268813975	15.078172715706533	7.134264805813301	2.148499382111456	3.5851728570175916	18.045672353897107	32.6981769568839	18.15906824496328	8.121734142401115	12.43151017038662	27.87412689436834	4.7410456741483795	0.3240305118893515	0.1708000858771865	1.097910676475643	3.171673458351729	12.104215396934801	1.874077477230625	0.17750107741779003	1.5618069887479038	2.383502815040128	1.6842666265473134	1.619313553877491	3.0267482259117298	6.42001844794912	5.361191186924786	-1
9.476799807797763	9.993911906009995	6.339677570956697	4.094868840115796	2.515534508788491	3.854868048509872	1.9872599279340364	3.0417367089788874	3.6167671623153903	3.5425736077301178	4.8881465437391505	5.726439741171688	1.7143087536370558	2.0417714478728715	2.8638435098973245	3.130392075327931	12.37333895340963	12.712305263830293	2.3336165477079267	7.813545953461422	1.2076555278653278	0.11750757422817645	0.5520839283915607	0.5727190545170566	1.6222585296940488	7.73055027425909	1.7184002700905172	7.98807973148565	31.787415070048905	8.169108270510268	3.0804662539078715	4.096445419175423	2.0565736888943484	3.6884116389955652	6.1546815388138505	3.1344641370281128	2.0188683487660337	2.271771992369621	0.9167088681348116	5.889241278852717	12.093179934174875	8.20600308460793	9.196721607646571	8.32307624926065	4.074237731309467	2.232459921381557	1.6147909711760229	1.2304417306019282	2.401051603864855	7.153442017035184	15.915823184718022	16.191322720798205	13.996619291964727	8.230142717931166	27.00124372137365	97.28748659655663	9.442639805143118	2.7453342741250366	2.639809669312687	4.991046030906801	23.703760687804582	-1
9.196818728231088	7.69772602904392	20.193592882869755	9.395721598725478	6.884461045007455	39.03801285488645	81.42723454362095	36.15705218896048	5.709576714291634	9.329306668916383	8.648523682951307	37.7677575519219	38.27698274225516	6.161097873846931	1.7395384963710683	1.0231379545334272	0.9177781586761407	2.1345505547976558	4.176292904889855	2.24131698558862	0.5220649334681395	2.1459676957599463	1.6051900584492664	2.5804783352253273	2.2616686526821397	2.12892479762976	1.2323078920584385	0.6002124989249124	6.266132609208513	2.8450614760450503	14.6522365296948	13.225106369987031	7.515037533140378	8.870373082171303	7.1202483730775565	5.9212265944566465	12.157045017654116	1.7007260686992753	4.110505447397727	23.377892682300324	20.594371397922803	15.258884979606776	7.219221235450326	19.59373469381411	20.212799931086057	7.589868295839107	2.402656868105212	2.067682812305745	2.3824798404147995	17.707988703320343	8.951884670323762	4.925711673224016	5.292953621605771	3.4917495539630172	9.217158890021233	4.68383344832666	1.480112857799618	4.781735567483911	1.17483896277299	0.44578364665953196	1.0782986327719386	-1
51.08032481734007	9.654176973752866	9.529045343006565	9.363755174082176	2.506453838670131	10.96175836386921	19.504929504745423	7.68208695615248	8.609569960684656	14.53514469495143	61.358930101914495	18.12641548529042	22.911716518580747	16.732546126746026	21.881836517068646	36.45731919965014	12.828087567262859	40.3146309921598	42.81946168256287	6.990119916288479	9.219400842065262	24.278651734787694	23.93078338242443	14.337226335414046	6.331957895197304	26.540077575310306	32.68997361852397	26.767234569431494	21.918613874300586	45.29454941327761	10.417178909518718	13.653269286563447	14.004211484607472	57.880974845578784	16.021512524650685	10.370905788543961	9.589068317721564	3.0058086128598416	5.09229891642199	18.31367541742273	13.939434991232854	5.570208456103574	8.851288598736401	7.732316603677157	12.48121805228544	23.07359723658469	36.63254114088646	33.407488664953874	7.9690594065212235	5.035665149948566	2.3536541978352976	2.2279920832225844	5.029140451542969	7.113412898786536	18.55294785378039	21.361257346228946	19.999204938553312	5.061714862606172	21.26801270648862	29.8444131328897	6.225279180508923	-1
20.539762829202903	30.343673559184648	36.94994402920666	10.19560985357597	4.432122298275198	16.613212083800306	10.016549857976443	7.219157496989305	5.338213231072676	28.990732904134415	8.852979821605421	2.7914231632739264	19.68930808315372	19.305221061495306	100.0	19.507358040208224	2.500321917955506	11.32619557879518	16.5881226737376	66.54202853133276	98.38978154531777	50.373662384499205	17.819322289816476	11.518967901725313	14.135111050613808	20.880039373894704	12.551618760721217	18.074506771575187	54.59123051948932	29.890655595555213	67.35051791757323	20.07077620493751	23.797389225906905	17.91889289525319	15.480244234018246	19.36178396615539	55.60284354933703	41.31415241490938	9.46999287814194	7.815727308780917	100.0	100.0	100.0	100.0	17.494581626599498	5.328747545535917	5.71603950564093	5.42693237096306	1.2010390436770544	9.087106271318316	24.594364804337065	33.659874838735156	87.7692174876732	60.42453484898812	4.1602694861518446	0.9126032354266727	10.772068698749122	9.241046424988031	15.457144042267302	6.813331775776213	5.594421942112762	-1
90.87262089969803	36.91742595809445	58.28831911124509	100.0	16.970352432283022	10.034024232562725	24.36519384516591	36.491369676398385	52.94281722396592	100.0	100.0	100.0	53.808842882511854	18.628832576675563	4.706808278280642	28.100637585714544	16.639761028694288	18.83204799396488	13.021151264656723	18.889203048027177	100.0	100.0	35.626808432164516	35.17039789754749	15.028579489526429	15.597788896512036	17.63327394078026	76.77120491759915	88.02457116394132	34.91813272781379	68.88895861962759	23.024151447235845	27.765601356377516	7.2309564915637745	2.5616245010627585	8.038298295348921	22.44671355099361	5.428120153030076	1.0861281202671933	1.416648487132472	0.41429394452725876	46.36667625782647	31.703417866346477	9.394719125367443	11.8634032906915	3.1448868423141056	3.1188032899604754	68.36726804232042	45.52129278268644	9.670130377474894	6.790105056057368	8.377141029865287	1.7741925133975778	4.2169399759349036	21.38031366341179	12.15530078128863	5.242161399921616	5.463465058605301	9.115094354055058	19.509186091382915	54.3575866633728	-1
26.604338323209507	23.753613200644637	14.103645389183292	22.326267533807894	29.280007774946565	28.17763037902502	28.836709221025632	15.85237628108864	2.396491239281588	27.356503256981757	50.964240103243654	100.0	100.0	80.42936107781856	49.74017577201163	4.599496501840819	2.382157484799196	8.210419661610283	5.743288432723983	6.886273646105915	57.23718193357467	100.0	100.0	100.0	27.79115761628308	100.0	96.44326774324809	11.040954298944001	20.969187569898992	36.44334199258098	21.131312302116925	20.922238449035728	6.3941476479831145	15.01989470128892	23.832337817426616	2.9377366301775796	13.668415787761585	23.9172771110978	15.832984720618022	6.0188914076319175	3.605550053209398	4.506575056805178	21.392867091933226	65.04751507048677	44.05986800973435	100.0	47.98043852397507	19.29506609315605	30.79566942324642	8.886238803057035	2.472652476640188	4.17848466828107	3.836029165535009	6.161441769709744	34.66738123228084	25.721118563072263	58.15548402012851	27.892642373846925	61.4355553121889	25.976413150225227	11.679478814130203	-1
96.6325960096911	70.16927985207067	100.0	100.0	59.888417825346245	46.409996726248664	18.9538940981437	11.617779995914278	1.4998070691372294	5.05908726977134	3.50149551149999	1.6392372160495294	4.9076588851606	6.425529741639426	4.085902424560617	4.116464426329009	4.138224507569794	7.47772612780915	15.344792553773134	2.6760728190781524	53.259298973588486	41.799617885665775	15.994473977183558	2.819702838296482	9.452553467423355	18.2826961307399	12.861257268906197	8.327643266321294	17.052551601109908	28.896815480963113	8.792361150759374	4.715265115738304	2.7468950174664326	6.152364628755675	1.824456382359198	6.544645860437203	18.22311821049795	34.901521785759556	6.511456619717153	4.119438972985701	20.364432501351992	32.23799276543956	100.0	100.0	29.1844881487599	51.22401252333768	5.078585367587106	9.531328895732956	13.727385451616554	8.039986821215704	22.407896092792388	97.98584298965818	45.57644660791905	39.096798629746864	16.172093402092678	8.63031103302363	14.874635308796492	34.54326948644453	67.44925473796881	70.2158258284719	2.98174450135693	-1
17.30882006410916	7.527946161330825	17.649043745254506	18.99013322868479	12.428972671281784	7.030017032291342	4.341943128790595	2.4061767914882832	1.4496613906692934	0.7144580079340346	0.4410430516832943	2.5496908230577495	5.281927541316443	16.984778719162723	13.309929808016085	5.342394235384837	8.446560259511768	9.99090895635643	17.493154428591403	7.311144185592483	66.85398367305463	100.0	90.9404994244833	77.16982886256896	91.30000868559047	49.985315886567854	30.11156037274949	27.605156228173442	10.551664868626265	35.41251708374638	33.97757127942747	31.541966588675812	59.037524722295885	22.605857288133443	33.6509399554715	87.84425281699997	58.01240803992427	17.272238600495577	6.240558976084328	3.2107248758449676	59.80663344142949	73.7428455151812	23.823127572749243	3.2282562549008964	6.247924159099974	1.8263428935715407	0.9595674099264181	4.935541040002565	9.630519608389456	2.90105113619893	6.904355393455207	2.6754539933938517	31.45044834901414	6.974144085945275	7.606373676555025	15.592553443458488	3.3317115296782145	0.5892564412596165	0.45124025728960904	0.7145273656991236	1.0762470056995053	-1
44.079771271494096	33.1261781266168	9.949614017896113	5.40096521335484	13.190659927674831	24.78918700055973	27.79985424054982	32.13540432314863	73.88073145078101	92.76533086210613	100.0	76.27459194726869	76.0847323746631	19.700487150506362	15.25312154773984	9.855703438554373	13.114535037360103	46.35867382233679	20.279566513166106	19.3848452141127	10.829907532262828	11.084602971953688	9.75951625981833	3.481475457250324	4.145845277480628	53.39933338250545	74.20306914242171	33.85138248385256	10.817795989891573	4.966661378988893	4.129147539095579	2.6634773103189717	23.551315809551795	8.870421372591757	5.785170602586359	13.850575654254028	50.55401720437584	17.80864264853186	7.561766399758975	49.11735991102635	14.53085052319089	16.16740703251311	19.427193580635333	8.161623369650366	12.240949522951729	13.690403880447766	10.706214946770515	2.6904055157783597	6.650195362342547	1.9670753698856946	10.921255128141981	80.08619172560515	9.871325293598119	5.007941070161812	1.8884088526214071	23.62542242468753	12.982979889307357	6.588690002951181	21.529952263080745	9.451190647747252	1.4411167420894477	-1
100.0	74.87977491444023	59.11485671683167	10.238976330883782	17.194114353389303	14.891847353312087	20.984755015402797	14.93411208467647	21.14649189839206	4.56610622234778	2.6377715464762383	54.04928854874172	38.690396172451386	31.242394062603662	8.190612597310539	4.4571596082322404	14.694483601213879	18.79666171617033	19.39381625085878	16.116088382225325	24.990581951413596	4.506967515381871	12.328293900126273	14.538038462386426	22.35498492684078	12.787658615833344	41.58729754209225	100.0	83.08803775480541	100.0	66.04500535478256	40.982064451123506	17.34314408706271	23.05718331754103	8.88655948744074	2.7954681296374644	4.718691347136632	4.305902060615039	5.491110980324405	3.278010563973196	11.862124267067575	7.2905903310402325	5.167028875570323	1.8550876440526878	4.027867198804326	3.9459251825847375	5.26991730485065	43.38828907058107	33.386948441608666	15.889115045849948	17.23486640909395	31.89616764814679	7.127794739855927	1.6747510509234171	2.8733448969926116	2.559512646535029	8.448353043446462	7.646552902583148	8.01147502505907	2.9174506104169873	13.731958184328448	-1
69.91692759462795	31.826062750997654	56.07610375704046	100.0	80.51375627278122	98.27753317542674	100.0	19.359028551349585	2.9630140225549475	29.264427430868224	78.83284080897388	100.0	6.268071486924214	3.09242749355057	0.9569855944619119	0.733553537509684	1.5264782277587208	5.49194687818058	3.27573963092505	2.0676557365992836	1.3324620449347033	0.8745914555633919	1.569445277347346	5.992261777277997	1.777260247980138	45.230092955149736	100.0	100.0	18.993452674393904	9.99865052667661	7.546820939241094	18.70449865028108	13.569195686575766	13.951459622890859	59.68364155822083	100.0	65.3235012782831	88.98964208581472	100.0	14.179933315841778	81.95387756367744	100.0	51.276909127669505	5.95995532280508	17.230473781082004	29.130285446474613	7.157725661324033	4.06793940747491	5.224502021746463	20.031932316203694	40.68188912668127	30.70736738794357	17.788267769794018	68.78736480159259	54.91745103680747	66.6990855890682	9.762074641128324	8.169409590607007	4.0571147812097275	55.55860843156712	25.958929716989118	-1
38.08881912662398	62.383821171773846	57.7197392717391	26.0022382625623	10.150147057906363	17.90864792773323	9.84957267360885	2.5150635906456813	10.659594626210936	34.24223916721485	15.317151408231963	11.650829132308136	6.470661695242763	9.35473101466744	4.65763375269302	8.14199175712047	7.201406528435912	19.570533100385937	8.589699248179597	1.5316513179874685	2.3098757811768813	6.9038511931969175	5.594479930558085	3.1915251564592886	0.2932388230978018	0.6636907866783813	2.0742191572783386	2.357660211233719	2.860508391994699	8.379257174182493	34.137404546524024	22.05485929093525	15.20222122623354	5.591682416625877	8.08909703645806	15.828505792506377	9.016348729263289	7.170682085034669	5.254811540299581	3.246490642437216	1.2740560039215079	8.033494394871079	18.007139085518233	7.34069423633713	9.802897331782882	7.049066839829354	6.023504489429918	7.328556778495921	6.082593540167521	1.4643593644759934	3.8175239875207727	2.255798746425985	2.1066374006309996	3.180038532468626	9.585021477185565	10.431016970532742	11.272835945023692	11.774371814273472	5.916232229853691	3.3275403974568674	4.927254581819868	-1
36.00916376701487	26.899804082556763	5.200797610907161	11.803503813339042	8.875040299187543	14.798335707201273	13.330759323325921	9.551240590204936	5.369794416689141	3.177820876425314	6.0043948920429795	19.305387138056037	39.499600307610315	100.0	100.0	100.0	70.3314557992357	11.21148117377564	24.199961053251574	100.0	100.0	55.95512524850877	100.0	100.0	99.1934921016224	100.0	83.1950139689717	100.0	61.2029713043988	21.78044498718502	22.168636727804195	47.375579216299045	10.816733238444135	5.825825536272572	39.32657419092722	82.72301134720017	100.0	68.63649972717192	21.755648115565997	3.399899937731174	17.55998616627926	13.478026283997586	17.53573693535265	21.968174501443045	100.0	11.257214925624801	0.8703374702668295	2.8824674320204897	20.21357911763603	21.621300240881585	41.44763644459028	29.88059129332943	5.125197393208807	11.321289453362835	8.698151217563629	3.685182527000553	6.9173236931119515	2.7211186069199456	7.069921418889285	8.985220685741362	2.4265606837949636	-1
8.006194690968796	54.13353424286453	42.64925127769963	55.59818830324187	13.748081882438239	33.43006779227948	3.744291242275034	2.8237540530410667	6.858554699204376	3.3830495619564642	16.663360733901804	54.21180621346216	6.275877471241687	9.61093376762708	29.305725574345406	15.73963054107283	3.2908399778538566	7.081898334286821	79.58420923866592	10.758475373340625	12.517142524342699	18.053498627981334	13.912217989625345	3.598432733797479	13.520194412630627	4.7784765918455845	4.884269674757288	9.328368370556689	26.01184895590322	50.01430652241478	80.66008216813239	50.06510082299359	29.160526000801504	39.758180407425996	29.25588505713454	24.83566005866563	10.55757616093027	5.665039779223483	5.28151616421354	13.419720935400434	11.502547851289346	6.582603718794571	7.086410083571666	4.265219383119285	7.530656338844607	11.952143566110493	4.602742480220935	1.9751165502301054	0.7711135291189215	2.3996914911856604	11.115162507737237	6.943493799608921	6.5525889101317	5.730981373879523	12.625020887639705	45.65150893286998	47.7523618849173	39.278638112810135	14.896268568434536	2.195352352199887	6.308729887938832	-1
18.50974639433369	8.658362799539239	6.020083994532529	3.8361464242070795	4.257410414690732	46.852183964575374	100.0	36.7978671017739	8.728610212941827	3.3854702646234562	6.7868743228784005	2.2353384452496665	2.073929135118837	9.84019986205863	47.79665923242696	45.183371627221945	100.0	100.0	35.91286521335854	46.38913312618385	72.7761456287225	45.863867722525264	80.07379232377782	52.63714383318977	25.78909334479713	10.364768570819246	2.896568377674567	5.652700473377422	6.100878601255358	13.491222763412106	4.6779387627103475	4.992275497494795	39.59274099987396	61.12034352309322	9.00712713915889	8.116864300726322	5.590955399581543	1.9779060348520712	3.5455455700103005	7.646008289183679	19.73485749559148	30.210169694888567	25.085112470851463	29.1183528778562	21.26139721893905	2.6392895069775615	9.007749530361666	16.416332104169925	5.404621223952784	5.438805644167692	0.9653327823603286	1.030252072364484	0.7782844006041525	1.081241668974256	0.927945818801125	0.5548974528223486	1.3184870505051154	4.122685202532981	9.563710260804895	17.607211211354528	25.174798870475165	-1
23.842830212557356	33.471932713210464	17.898659300099915	2.373650832292984	4.425230141396921	26.363341929976546	36.138584201405074	5.6803274987632015	0.8676562110788445	3.0175940636516594	4.468143664255281	14.815281698867322	20.96628991707953	41.095567863408704	13.259104700297286	19.58564469574694	7.833585180893997	16.87985300760632	14.195435399761788	21.702277471194474	12.493022759532458	34.154514587649494	8.367178479705363	2.8027473137805274	0.6759020361480309	2.413658866465398	13.366184306694278	7.055883309410103	2.1566673024199483	3.145153451404768	4.440199015110495	2.7753984776935448	1.9367518125744734	1.146688413039572	2.3993974196230288	8.002446135529237	37.52813889082704	1.5518354183664176	1.4081221692373282	6.233448675041839	50.78808309653167	10.535303871535607	0.6659216044353288	1.5907709545347108	2.4971665023861243	1.04628896179921	4.321847108870062	10.460543404685637	24.83978964501186	23.189469924022028	2.7994027291993135	8.79478990963439	11.125387704883018	2.476848720085377	5.634161773566011	14.534769360324644	4.367809681077286	2.1422291080833804	0.23772950424584605	0.30243468337655427	2.993837898009719	-1
3.5915702916667933	4.27287920862768	4.140982854108147	18.268766624423563	72.03506217013222	67.6247192016175	11.676907190590915	29.574335617039928	43.94176027192828	13.240742737778726	9.12255461691493	7.338308672227808	2.6713447116058893	5.561545232742907	4.519934920015817	3.9895509102602706	3.958358872420529	13.144550396941304	8.499562316607406	8.109773057722363	1.8086842702271415	13.685620918507984	6.7197444730126845	1.4412450267135068	3.4868246522440822	6.6827109500947675	10.442362673638625	11.455700512064977	4.254677823689849	1.7744632835947938	0.6028513870093025	2.5666190689344153	18.40015090691418	2.1933773241273373	2.836627818446683	13.249944445440548	19.737839937526218	14.929794910701688	3.372268358935088	4.940307220596107	27.512006582972443	35.11046987615162	26.28425860846725	6.273220731851318	2.92579763372935	4.038121791086422	30.3860096191837	3.3157589399296765	40.242412106304606	100.0	51.746537263637315	32.47414267272853	39.93470560107448	53.195084617048224	35.66400020174827	52.22372898264912	93.54515182219372	41.11975189602915	6.121454653372025	14.40737368157587	100.0	-1
5.345255114657254	27.139669490051944	24.219023765404057	22.808480006399318	6.895283297690387	37.35114214710067	27.798715303678815	8.379020994795544	7.2776346872902025	7.742591410366272	3.234595983045752	0.9763686471009458	1.3047813704122844	3.5404940786446653	20.58972961924627	13.406422065776121	28.897809057793832	66.09540840337219	43.55920300115198	61.236142216783186	60.69942362251617	47.935045876015494	4.7473923282431345	9.657230619797517	46.490233606682864	40.909576386182195	15.138409935807749	3.7915603205532236	7.308472003858619	11.176873623198723	14.726574160858775	3.71828766605181	11.750553484633663	100.0	27.705870129744028	1.9172406225236545	2.5628507693167517	17.980681228247565	34.18923363727209	20.40216913468577	37.09212504844117	31.73367934265619	16.827378979147596	11.07343345049409	8.141378169713743	1.0642957715437467	6.7511494975159225	2.9075482055339914	0.6136404071841765	0.9067793446308363	2.6028744837029874	2.3397243707570725	0.4860078529742691	18.427583261103575	49.913011244110244	5.4002325427020565	6.184116526078769	5.652901106451803	7.772694057038801	9.429607693965862	11.189997026782638	-1
16.35131608663237	5.154527643845995	2.4454010991632695	3.997817203620839	8.602596810806798	8.399521808166368	5.481305878050082	18.99443418802967	20.098585543678308	9.190387095992577	6.530850796016101	14.284196404812558	13.834852549877246	31.07610814295391	14.21217037226031	6.051806692896893	4.073341696925863	9.444318130631244	7.397097418598498	3.242369216058181	3.592593780297378	2.4489943577286777	1.8846780343111165	1.5384972011489342	1.2061192856778034	2.2336060377203326	6.008665000709994	18.64852306409001	44.075261670977035	60.218344345908505	32.57965532792309	13.216005832574764	21.939069394483763	7.513114914271155	12.90014956411823	41.10250242536243	35.25779240108665	5.696490119768056	9.228271400301727	6.46189634381495	15.92992148217819	2.696930314520265	18.23268542521622	19.543745388791056	23.362507557567145	12.445749859399186	6.37541288183106	6.888281882055796	10.293714580449517	35.22826855246174	32.15133411528643	8.496822380192224	4.049473767746607	3.539631309241768	1.1285102978719148	3.2253397123116208	6.377623213047083	2.7585519337127975	26.22822507966576	33.755641887032944	35.667772506280876	-1
19.70960451703314	100.0	79.66243771328296	13.892762674527297	1.17537554187525	2.947297068572435	1.5232685283307503	0.11302946036329237	0.23287916114790105	2.3739309325953375	1.6152932653310108	2.727318485329479	26.1744478027	52.702561402819036	35.561517957643325	2.8824443501558252	5.5560222289578265	20.65940138022752	28.659774776213197	82.13592613812804	55.909969690456926	10.274844368900272	4.136288954845758	14.331851721291665	8.18495145119593	3.9618330445413834	9.542635530364894	25.42027073704901	26.353947636156335	15.173361926745573	31.205331641914555	23.76736377296867	26.965077362180196	7.2671820728057686	35.51322104940089	67.32230418711791	29.29164621931209	7.561149743691875	5.238295185433398	15.170203206328566	9.880225995696003	8.296834091840207	2.7655220181220215	9.266098431465892	3.841303270230686	10.194318597892018	71.9666847550967	28.277280999339094	8.133352282883505	2.7693189133853875	17.152015800407288	6.010361698461564	3.614741080193436	5.491253077343134	1.5996184814082968	2.947434296056074	6.141833213756905	5.101376239450174	1.9441665143895555	2.0602120411369405	2.659746540805564	-1
7.739335620947045	22.80643572574853	53.64026930290139	26.122046000783943	52.50829632850165	14.287737488626895	8.220199977729587	15.622016278815515	16.506921183264275	12.094337781974554	23.167243488023406	14.84927122079348	6.72747500373766	7.328581083833515	5.5434897003991495	8.149341772924094	11.393617176544721	6.6432613451196145	7.293817227448652	5.879954422904047	9.443175242876931	14.362384853212284	12.041750010224998	11.247414761591799	20.477715925337222	9.642226000369362	6.2531783334038025	15.93962166231491	65.26672764604398	47.65427725792678	7.404806306908272	1.9773740040084196	2.0304325337581814	3.2634768869177657	27.36589977056833	22.898520937352764	6.852011177956884	5.902181814412214	5.3904892171456575	2.258042459434416	1.7547673746613734	7.238273464574129	44.196758425156645	24.241515374454757	20.88530870886381	30.169761927616694	57.54779945025671	21.981952447270874	19.840566901362518	11.633277188457303	6.683411571923071	17.453875729245272	9.491213316095793	10.510598672597167	2.1457181956382763	0.6115855738505716	0.6055854656567012	0.5249280500781429	1.250389692212383	4.824817170621181	2.479649929542124	-1
16.08377927179299	11.044677339253127	36.91995742647035	15.373227513361849	20.33071199457765	31.12298131614792	100.0	49.93852562303596	20.936247239770672	72.42532524898698	100.0	100.0	54.74664301944882	14.087425593025827	25.380563637297946	5.7086431699864475	0.9779847648122427	4.6029252896199555	0.7097232558982014	1.9094429038311287	6.681644580857236	1.4911775963486282	2.03826500434175	24.63666986519384	34.48120665900927	3.717795995905535	12.329994186840391	15.931287876492828	50.64456427632455	69.00944595430535	88.99085220969201	52.73745900787925	2.7356042872148447	6.426220013475534	18.188988850372894	13.73705039971107	6.000538142913813	9.695970353540812	13.555705727978676	10.754864726223735	14.115688070518901	19.603785875528224	8.643312887631778	4.907852540789779	4.209203899822866	11.000360824853738	18.244115965218693	9.748447246210105	24.48283887969217	22.517415752331342	27.722289626935957	12.593625967839602	4.157783867428345	8.244871603805674	1.5151929547256529	3.620488714236486	3.924797968016178	4.00524197943029	4.41854582005308	6.655772484011357	2.6528960173919547	-1
100.0	100.0	35.46257435407096	77.91614198750472	21.474443225417723	20.798826234842963	16.085580922420178	17.13942891926665	14.079305005331648	57.437281526513516	38.736987460836254	11.876113382745663	19.41114623675328	100.0	54.16233311540056	55.870013996434345	25.247375959298225	22.71867667763117	7.062882727098108	16.658848842104966	47.73348433796909	100.0	100.0	72.030918384824	88.41234549785591	20.490375562370794	7.607039447643056	3.3584984516977556	5.215771307527895	3.5408992272589774	4.8982067530027225	5.77083644639448	3.2487959651532106	20.29247795098595	51.50366177292683	100.0	6.949545202713772	20.22052856068851	16.373050384723097	5.160155674217342	5.50232460506449	12.588211017164113	65.68912539306488	31.39742413814646	25.314231894292504	17.186227260217926	19.145997082310544	22.169167305467575	24.119161546912032	2.984181369202174	1.8478258735934336	2.1088816267911694	5.559885564318555	2.0146031638298583	1.1682071960589662	8.158434979755668	14.982567335002484	8.819884700292974	44.46352335312486	10.137673256241328	2.4930711437549595	-1
8.516666372897571	21.61283965318642	11.876213616877829	100.0	29.092461398980863	33.41342166724532	47.53093676509037	6.487623583510092	3.1261499214713955	1.2392231028184675	0.44506908790138416	11.534421662680153	19.413588496171744	2.0027881922390334	2.1405923487741636	15.672843415953697	17.508167999107677	19.633994928502585	9.65497764982984	3.7911676033932724	2.6191706659898397	6.1702472726488455	14.085490432345203	9.065890349604114	4.649293594033246	8.134902147315783	5.272070503969486	2.8576712403934645	1.7887689353554113	7.660393580433515	7.537661408489397	2.9176872145481094	1.805058756816357	3.1831342152160804	1.8314691765838362	3.681698797252671	6.061362485946263	16.041383257142087	57.9767666651084	84.2145050041619	38.22761272450811	12.286069778053207	2.5295019511173775	2.859731422847049	10.061405657377685	6.408144634617197	6.221405434757241	4.817778665825597	7.482429360966559	25.46601797716972	28.60317159770604	8.257502555184233	3.749661284190966	9.990035727730215	7.9633011392033755	5.55223632314015	2.2129617321052852	4.3991585168054606	11.620609861626425	13.938933039439062	6.040099196109168	-1
18.929217902486958	9.568682727733195	11.199758892221459	51.17664269761369	37.09123271233697	10.965756700873614	16.625372201916335	14.09876154279151	59.34058411314368	11.249139104610425	11.94818850044026	7.964184889382718	3.5608364626630493	5.217080273825981	4.881650301268031	6.176628750241285	9.355720863200922	22.44968806965899	22.743719961521514	42.753152504628076	29.264988076567203	13.255301547233872	11.46343924115142	11.994154816580409	18.61276343439576	88.08946862543158	21.87166268405343	5.814215017022441	17.472468034635845	17.704601155942363	4.711941340627002	0.5321056538589582	3.440992678237241	26.85648095342758	30.011315039588514	95.99830942855846	100.0	57.72275862967074	83.95796039192632	27.556993435624985	4.903203903438798	4.940413392002591	3.3054712560774147	4.126603762557351	9.880711255712285	39.50237968830836	29.588866004407453	60.19985506145886	77.93215976954075	36.04480122279094	83.98681360004247	21.97679773726584	0.965483118706099	4.384104651338697	1.5808225423326918	0.5420738680433773	4.279661154683126	8.791701599172299	2.0607954577714986	3.8436795382316205	4.4131452514808425	-1
10.70872133606607	9.381274703496839	13.189936197914518	29.407768597192256	100.0	85.4413207076697	26.979330665996354	4.370939572250245	12.30899333780571	3.760270941077237	30.03179680700869	23.395540668041548	10.498660564988636	7.151107180588872	7.757487762020496	21.160613541151363	63.320911038471486	47.15252967831382	18.578069709402058	3.277233622126456	2.211108505060346	7.403232188945886	17.919364071101477	8.651598157153835	8.841441044441282	3.1269065538286567	6.778768993912894	15.564626421269718	40.336494456104994	100.0	14.352521745231037	6.688915542452535	6.989375833059099	5.050034528948214	4.858123317403229	3.8770291850340524	28.48390866170786	71.54415327545956	53.50538835600644	48.84566175195845	26.481283499617117	16.96591471054484	14.308493865691556	7.204156133441063	6.974395006199288	25.398007103093356	61.87672744146934	39.75215941517748	20.47028268783295	16.446858647566618	10.473018420132695	8.283397505947233	2.7318452021926602	1.3751360213731958	1.221975166138237	21.914118350593107	45.623765271252346	15.909235827712351	6.864536556265365	9.912443392279217	33.526152737742365	-1
18.988185916319	9.823723694440035	1.548921796943455	13.252055784865048	8.666979104970302	6.341810917822583	5.042126100774701	13.757219858754953	8.350216382358328	8.362079693685073	5.7505653051073296	34.986027754409974	29.543146390572204	36.087027925184444	66.30342756469605	26.372744511773277	12.198647190245786	13.171070263767787	15.282145545405747	67.31499469829905	100.0	100.0	100.0	39.823901432765275	25.60373627757851	6.587085826431223	13.677668412405477	0.8697227765359902	0.6581651845578393	13.727039900571208	14.637719247172775	2.9016761311136703	7.1188315260471455	8.838239803285528	34.59085464353413	38.50779484475551	57.56340970391762	73.66690563273066	23.93693218361528	5.659133892068919	4.06655665598986	1.252176405562333	2.0766482167243403	0.7168259665018851	1.737986093680711	0.7761836814785615	3.296473738955441	6.8684548614035075	13.367672656072301	61.4396416313499	65.47351749212093	11.016326185610088	30.73081357062566	15.611472672523764	5.3970248869794	3.3812893371223267	5.928639773313459	3.061935910860203	8.53488087797036	11.413337989094305	19.36241826521537	-1
81.63137573557103	10.321844320676362	34.20338367293714	100.0	100.0	29.45771083028546	45.74116105890029	16.33100540519895	26.1999168958461	10.018011122156336	100.0	59.781972128405	4.332879906476929	7.61429211340546	19.927185789238195	34.094026477247226	16.48710547015006	27.89106671407759	17.11155701406264	9.545761637704311	22.45744682855503	25.09671958431612	3.9147400377107955	1.3043263324615737	3.0485813313110723	14.450826568850136	17.965575932215398	56.89996901882396	100.0	100.0	54.4112106374214	23.411819868699478	17.345852317790964	4.939520479174682	17.085529014941176	15.304229607545777	13.410235159483857	6.945801408584637	34.87759668920788	78.7938506379348	25.024598801472568	26.660160612432406	49.35590501716537	7.414042253418264	1.1177957413042976	0.4164708405723185	3.3165390271377078	20.920995920599854	5.845605098333976	1.721875435155584	0.3162587889387348	3.260562654285404	28.10532744714503	3.245662660834182	1.2592616255326348	9.105908493128101	6.2616467426824665	17.218544003379264	24.01536574044345	11.210454265483365	8.009941314717901	-1
4.119335279725979	10.711361935654661	24.534443294827142	5.027961800371438	11.47193216439638	9.599480780464699	4.902678907911762	2.3500853497040093	6.583871516908762	22.87037769031655	11.687753107704987	5.310484984988325	6.687990364698411	6.40137439006657	21.80862879595268	65.55523754167884	27.74944437834527	8.706629739550985	19.453493017955992	12.247886872814977	8.42080181661864	5.4337969620466735	19.025339373053626	29.90538058645595	4.758365792717808	3.2998607315311785	7.118873649789777	2.529597938248053	5.167028875570323	45.84742576148084	3.412521716703975	4.128692222499142	4.629502381151629	3.7699140491231105	35.42861434032022	16.30558254571054	6.063929820661185	7.974818752237871	10.87560524768806	2.8938386977546284	0.751340448519594	0.5215131281013019	6.488868015268359	7.4343588519052135	3.5508939787702802	1.061211301845243	3.2582107789915087	1.6176496498360977	3.7583799485729714	8.033715398743357	22.619276185797954	28.132818200176914	11.110322184747597	4.450344538782737	7.3469072660496995	6.562483794845079	6.519920861929527	6.07424283369148	2.2007811214326485	0.9417950294582657	3.5225636663736264	-1
75.14409547630474	44.96474549764289	75.32484853528078	55.25806917403244	2.729014966431748	14.262689408073925	24.726247443091452	24.346724752775806	12.464197012438666	3.7545423901440826	27.338830772800915	16.372562201786355	3.5399376134468827	6.8579524394322355	21.390696293985897	23.832556011935363	18.974229453366213	7.925416020393859	8.130918023485167	7.591925865126977	33.74024366274817	49.129586387641474	34.979394398960096	27.621552656361324	73.8594977854062	100.0	100.0	48.04165353991042	41.61486620462039	100.0	100.0	100.0	100.0	23.138309896017073	7.750245347292868	8.531263385971064	8.43597546701284	10.254981287741508	7.641608227810771	71.11914197997467	5.648613392248062	62.97462500260896	100.0	80.18050730192131	13.887652107518317	7.28242728800253	14.362371855608577	25.914709415433627	10.598753670808476	16.339311604292668	16.085724874052694	5.926149701411847	26.439021025919185	62.7655289924345	54.89670532731551	20.647884018611983	4.188734888489874	1.1946016023284542	4.1747795116481905	3.080200633782914	5.2255055926643275	-1
46.1274058752203	19.41766107980754	8.252323752847802	0.5574599040777478	0.2836483502048363	12.443520031823759	11.862031810818554	1.4873220302822405	100.0	20.15097689175298	3.9809391943444	14.004898318659624	8.913950435196673	6.352888522069457	8.367445501231666	2.331934254350073	5.3511207414820605	8.886063154851103	12.096766755018319	36.16756130773117	48.01765885019297	35.72956851352633	39.99516082020241	17.09753263118059	4.853983965694215	16.71429570713364	3.979599519280454	37.46644549258065	5.248359881130733	12.65927841279395	33.717655581852796	12.02548097078394	23.24130820426267	17.55430398094678	24.978646556491665	59.656380071460894	100.0	100.0	63.73329431610189	35.49265747748818	100.0	59.320973553915685	12.291463508631242	9.267613373199627	2.895544157749635	2.7998582693297656	19.27501996509274	70.14819376961223	17.45050814194944	1.691063307198752	0.9106351735947303	2.290043633677108	4.033940446454748	3.8031944604154817	4.424655490783961	3.715667144514577	3.586282911699949	5.409109133521221	5.203725075461426	14.58438674326225	21.437140714911482	-1
11.072772509290788	64.9874306332975	34.197308474414015	37.74591099222741	26.726568065810252	16.47440880086668	25.36247835583379	15.574595217338166	44.370633053756755	57.51248595699125	39.93171521781371	83.33007349794312	65.7732266023702	31.24526800567883	33.84552685086813	26.251087453047727	22.67353214126863	10.760887723974662	5.112977796359349	15.989361090365971	3.9692585577044976	2.2762131507626266	5.274454796006218	18.506053779736543	8.72999360057809	4.586397893633113	3.3187807918684658	4.264564131182951	3.0657876055668623	3.395348491521618	0.9856631090017614	3.2395525959654154	6.530550063502348	18.342493141827344	63.30783197765767	15.428166064104198	2.2408691590724557	4.389409195106885	1.1957184883807834	10.925599558417368	22.2457017377093	28.359286395188494	10.014224602283655	5.27434651030027	4.3745016010707385	13.73939455692802	2.701004138040906	0.7115549213181454	0.8031755804715393	4.060716362547846	17.66248679223109	70.4763716313054	20.992841717381058	4.721556423283442	2.8189705732867893	4.68032049315223	1.0341910148447342	2.708544403318476	7.094479135097663	22.021552450288507	23.655497838035362	-1
38.196690622934035	37.59071479851753	15.008261902209153	66.21004356334493	16.96908101259149	10.007223086475099	5.734654090582769	18.98778516526104	20.49817385207624	6.787401807531209	7.499937823722056	8.52749447468991	24.95487704712249	22.37685552819632	3.1053907761119257	2.4681671256567634	3.585092466410749	8.923287309947886	12.917119890348575	84.68969935274991	100.0	20.367241841594883	5.7689951311984515	10.622413198071174	42.63623657600064	11.995710232633781	13.925992466750065	28.046172026871325	100.0	97.81984215355519	72.56291192947967	15.00059875627386	3.3243941793109855	14.72222784146576	23.0741234777305	19.13529950276312	1.6851441882618077	2.749023998622933	8.5141992120215	2.154089800587344	8.039836889382695	3.802780126334292	10.365867503262995	20.500192336477756	7.000615907904811	3.6295683825682445	5.5053284855891285	3.3960873762003367	2.8283051600073197	1.2799855867805803	0.5408866073762152	8.02146446658721	28.571148487950612	4.131540467210674	3.12294787509086	1.4636434452028184	2.767282374490648	2.167916263852294	2.372214768159073	4.042112751630349	5.3462966329052115	-1
24.398095873348197	14.771526264776806	9.503955319810714	10.976692035873372	7.024473498196604	4.178793524644128	9.090858252950696	4.307477978932639	1.4714260371458472	1.299794002553192	3.1688510106670864	2.962115897472876	6.476681914397632	3.1316500808633423	4.984917279656265	19.754924559419184	48.95870652364462	82.6412236508472	100.0	51.27295591406064	32.80191631291046	48.56429034977274	14.64629438368086	15.928832111005025	11.140206377640396	8.279243467776194	11.393929086790784	16.956576220039942	21.065034028820946	19.88124546879701	19.08041295763159	3.055466238979338	17.035127658511875	100.0	100.0	29.469492213873437	12.636800864834408	5.077307376502769	4.016610311868667	15.152969509525409	100.0	100.0	42.8220006855932	19.66255283446855	12.38633491254297	3.985429613377886	3.3182665890115146	0.7425602191500674	10.755736943639802	59.91896082390069	52.20117753534902	10.172398473988437	5.542943172756433	13.422156406535654	16.248374927168083	100.0	49.6590415745739	100.0	39.141806253170564	22.621224583271747	6.822919096369465	-1
58.86621816869327	21.040882124939053	8.0763517637793	15.001924727423008	18.134717705360163	20.49532126659534	12.022792791549579	19.779981052000625	86.80754458032968	100.0	100.0	44.137926165628755	19.89356356512186	25.564194788667333	9.447238488747889	5.775115381180084	22.076562819149604	55.321487617599615	97.32829194850942	49.30673100248044	16.88061818455906	43.429311227474145	36.98643401780902	12.481766586536242	8.622935204212263	27.521409498880363	22.65553530260144	68.65364404306652	42.36475521614124	25.63931447723388	35.83466824192666	43.915522654046136	24.417545969525747	46.63869978778198	13.883259809198782	19.256826051645138	36.404198497765286	0.48484922240907014	1.789195744213054	11.088488445355722	5.843917749019294	16.9718302308513	8.437949442347623	17.85188936048466	23.915202814433002	7.414419559282091	8.0471067949661	4.050283629050783	5.011664925137607	4.500720268431507	1.6472797090667832	3.511854608605678	3.14649091753523	4.746271879242152	1.0680799181263236	2.168124215223469	2.5591612702414954	8.831696601315544	5.547382432441445	4.811535810245514	1.2375741433745011	-1
8.008247645541847	13.8299370925013	15.30380620258922	26.369127412711578	22.76559635007638	32.7983069816198	33.44176569437525	33.44523649514814	23.0065061446033	14.904422013275738	21.74177224707063	11.444776738134339	46.952164021859225	100.0	60.394846889191165	60.30602935193052	67.19288121012096	45.36351734071949	30.30870687192891	32.74770136212017	3.568248363479993	20.93197313780865	12.437664928520972	44.85274827302292	50.9103923585803	31.424807241374587	13.028495882210217	11.878418899535683	21.387144869425352	24.32481302633937	29.514271196555146	100.0	100.0	100.0	65.46628317067577	100.0	100.0	75.69524656259424	96.15303987278241	90.4472514811109	100.0	100.0	15.961565407194334	9.132594926512676	82.6747472203396	39.90664786906247	50.752257344822475	39.508729572683656	61.17353514047279	23.73536110253134	1.0214132974439436	0.8720325654878835	2.369124283259969	4.381014440741491	6.754872430343671	9.532498569296148	15.679105619544865	13.977419759212559	18.826476286812643	6.513219327345942	4.906612782439756	-1
51.50615776822896	10.097899931791146	38.06996363909563	27.131282787249145	100.0	50.25479835492454	14.523420475104317	7.563521781094771	18.5934205888251	8.36479880626626	1.5209314664146767	14.64661009157307	28.90039245370237	14.52431911229509	77.86619407758573	43.04535467919429	5.032039788545816	20.005642802964974	100.0	39.65656184503277	10.469945176559891	7.82981254730894	7.082704522452588	7.781644176967765	8.446664884145024	16.67052151263327	2.432773126198932	18.556945085926497	27.52731464438445	11.978487339335146	27.079574872998712	68.36444138424454	58.73695303118957	22.337527258546523	15.574681721689158	26.364225686579243	17.31868445913581	38.23341668592913	7.0224308773148385	2.008691416185884	2.8700527853847486	6.518991719232374	3.4035251236556516	25.388503285329346	79.42075222911501	7.499208279790093	4.787194762915635	4.642361017215034	4.157226286310598	9.08497088091541	10.778484389202816	18.930135855419582	64.04484791601426	31.99850906750845	45.904900591680665	16.008813895352596	90.16867234881387	92.93376570663476	20.369209592170368	7.257027269672408	27.093450442221958	-1
28.30073858247348	33.19277293964636	34.93811811718731	32.16425936491346	13.637721761604714	41.32751636737186	74.41379808711733	26.3911355349665	100.0	71.18210749963987	83.12270592278864	25.060667842720406	18.96865785868386	33.23683697701785	100.0	28.748275683109547	16.953818919740876	3.531686840109119	3.0471713976237096	0.8512289098360856	25.155071873215483	15.8710500445518	3.9103356350713767	12.885393852849354	45.14406276333295	100.0	76.34134700859381	100.0	100.0	54.916781121878984	5.7205135027035015	10.771266449393753	22.246391810632414	11.464103141713757	4.914385101905074	1.4323446986484147	1.1792353059432052	6.128341709981556	5.4235820903199645	1.6221187939018094	4.845292346219198	14.535790633558761	20.95570545443553	4.057553264502992	1.2775903025796382	0.35799582382609657	1.423872370514254	9.367086304313105	6.2900048792613	4.735160308800905	15.62364928525421	11.03468585854983	12.179119379061326	47.81700087879517	71.10628388322793	44.03287288664026	23.839297048160397	8.068449221243185	14.680204152129033	7.972813308831607	26.163933675497965	-1
98.92700319205876	56.953231253950975	4.462970360839599	19.012353518183552	25.477338214438078	8.05220528138194	31.89633633167139	28.867534065562317	6.078038762218776	5.935028266951266	14.764690852070402	16.026474163654004	27.319410511513187	14.402551495871148	13.951795859290774	87.26646952265503	100.0	33.735024633779	44.70303163454303	32.29604825050213	36.072121900559765	16.866633136900603	18.50896736707357	84.20091520962728	67.68344228120576	100.0	100.0	58.62090960868965	11.191437185304732	14.000048261884304	63.10792730418677	30.31716675324542	4.316727519581028	6.198191981499279	12.85337171430121	36.27071099371137	77.07429953728322	38.78326457967144	8.48163884095766	1.3116302264409283	2.9646762915972933	2.8165501683465406	1.658034854670409	21.85068576182138	23.39934300672191	2.717266334482395	1.0191237689839225	3.2489032745152553	2.017969403563536	1.8053189198844195	1.7985176118027726	4.771016961822417	4.783536976636725	9.933397721995847	45.809807421665845	14.11635681680547	24.127799154376856	9.984847574227569	2.676382645627768	2.37607530954813	6.146134625761819	-1
10.270578694263321	8.199079745145104	21.59126924191217	20.034650006572107	13.360629806348253	8.07394329482803	41.899273211319404	17.70197214000902	3.643336594054438	8.96698811266569	14.18921611853194	10.543690193897001	9.191998034052595	12.972691726657674	24.2667977478911	31.98843294212811	23.563917763392933	3.690149197807935	0.7633150484309718	1.1069690915358732	3.43603392296091	2.5456624146791245	0.38262591118273226	0.4785204759827464	12.899829118355216	41.491497237140074	11.136767362215101	3.4432016791979976	6.1539967948081244	9.487324645891375	3.9184229027859203	11.901346393436235	20.6935004660002	100.0	27.90471772633933	9.456734767441354	17.574941547598524	17.99165729285751	18.893285194941374	17.078404451673354	35.773840150355376	11.414568180861506	10.560577398650661	15.10657256956395	2.6819542853983416	0.7786684830689051	1.0092152182181513	1.309629228885969	0.9768974491951299	1.9063191961173553	9.379158426391061	10.706193248010972	9.174218297143964	14.800211144148825	0.9303758740794145	0.6778604063681392	3.5494095647695976	0.23090026582296344	0.3040590339430966	0.5230546509796752	0.8472981172212211	-1
80.4275887236053	41.32366032835237	71.45799702727336	29.382980497994147	42.753880845082875	16.465241128582104	5.879620426383971	16.70380175606425	77.36845253835948	18.639143610831898	3.5954484463041614	5.848129861836011	18.273047690679537	12.822695742428767	1.687676095642359	3.531031718244269	1.8314226304179002	1.9916090535151547	2.283206191193674	6.373125705517201	2.9592307534888507	2.5715776021190986	7.065814518991935	11.031366427511836	4.631541258409697	10.651027145843118	34.410626343755204	6.810446563175209	8.596110220762782	13.516065792878937	49.80643909825663	17.47637551538625	40.31495436475754	12.14044581870762	7.249390338325636	4.871644672599116	3.7747249249459167	23.339109446397575	23.430259623182906	8.23678867988771	6.947406923335145	20.126732334192482	1.9839992279314087	6.68822941758484	3.906909253417404	5.671173707135446	4.282844180047804	2.5193572189824294	1.7306258276785045	2.8502498758533124	6.495195847007047	10.891712748879069	9.403705383064022	2.4825726168581723	15.756599771442614	100.0	84.24168841359396	33.69802555427175	14.949141629323101	7.781814844766543	19.006276448803703	-1
100.0	69.70873183043831	9.22786230508614	4.5175942000301195	5.746690879027767	15.988690242710268	6.683357572466019	6.0168619463633135	18.245946259468543	18.229146853215287	10.986662132749338	13.757620732451006	9.84738994178376	12.12817936047801	7.718836771372619	8.940070451660016	7.2208374765603605	13.180953287710507	10.32575532281963	5.660707363895251	13.485207086898969	21.974754024595086	17.429774492107416	44.76378082501534	100.0	12.630497616936786	2.690483994787058	2.270831051324279	3.623502641150617	2.7320390797966634	6.535961907441359	3.913092968204175	3.2879587744571768	54.03327570820162	6.451686949056501	3.780801579394958	44.54302584252731	86.46316375746314	78.66290192396663	24.118300264912644	10.356780431605234	20.709815376882148	11.360922132083942	25.559020932138544	37.857905665292996	100.0	61.71830176718668	56.45687591351401	55.65892013455613	74.2609506708243	50.089254197932036	8.060286030949078	11.589865455428633	5.448558364594516	2.7603087050980517	1.0532417094218356	3.045758579652486	7.115721818359047	3.765565893604099	5.026338189706222	6.595164037446257	-1
10.820595119524974	22.524920816097243	20.70012728802935	5.523971372196227	5.619504329453319	17.54799610936376	13.800006015108341	18.19360392540902	41.011165999042234	24.12239894552167	21.93779058565633	38.31464105337515	100.0	30.157561661071878	16.79766267658524	12.991814524175316	5.891569415242837	11.069889022479204	15.641715106862252	24.43089902496098	21.547202233389683	19.146048720374147	26.92966393571487	8.851010498556215	10.008563826350796	4.310464707526753	11.581474483285927	49.91815021113943	49.68942111125153	18.01805034010359	16.37989526994373	16.224225725141537	9.128545538852308	21.40314843545001	54.75678050082209	39.316092165966005	52.388643052456416	100.0	59.58648589038389	42.21908409438578	82.56714954399996	19.559304759463163	3.2555840369357756	4.594265562972359	5.431314457672482	32.27548847254654	10.980668017331311	3.6775542956308227	17.08049490637193	6.717519161685484	16.530443483291727	10.321156630540894	8.812990798544774	5.201564008220514	14.507172363117526	42.359235025697764	30.679962997850836	6.6250410561316	20.84152372759922	29.18419496230872	24.293122155230556	-1
11.500034308791646	9.203977769303846	17.118468132477084	12.148837499180736	15.244456429757514	38.57628480448632	28.501274155145257	5.16933501378824	9.16503007376963	2.4569044081093017	8.45514371176444	17.135939194555228	5.164675118290508	8.304951979193515	12.050702584869835	21.369332389186788	13.539307180159533	13.678761661282309	11.718087376866684	2.4239025159161454	5.560105792549703	25.930704155829098	40.74514651126967	14.64650485514588	2.959423364815767	1.888707642818148	1.0839530069283028	8.221337799951002	1.0529660811746815	0.602021629917354	13.278927404981307	57.70121524579738	59.02225793157995	12.662129432985832	31.517585670716297	46.045826152844896	42.02183667510337	64.87511164439515	29.707748671087145	85.6108825367351	24.178087626051102	6.159753202094811	10.756019834336076	7.851713123358755	12.412831331425544	36.79903849896318	26.449576548963023	13.506980546105249	2.8731494952023375	1.4128652028256925	1.1207496783814943	0.7444708361358664	0.650527353692617	1.8284237830302799	42.73703881206854	34.78797605027917	11.184185522201398	16.12159798404645	42.338906428338234	53.78194834512025	27.52572571212609	-1
1.2518909083416803	3.379860625387924	37.19843537372258	29.531729836400284	3.1113506313888095	7.155518138540552	21.967349338361448	12.167302363871542	36.627738560992654	3.616971095987454	0.6381290468802243	7.889838733331633	44.575423703506694	100.0	6.889389318849905	7.817885228829384	29.839105165232898	34.72556177323454	47.91937720558788	21.208507263731732	23.30483881730363	14.762346720863642	43.00029766675763	98.47035133877345	23.473107573980936	29.58163722193187	29.141442028130456	14.526408793560208	22.242641816499592	88.6496153540297	14.748832756825438	68.84052321726219	53.20042056854698	9.786050981837992	24.15803955854416	3.9554872241180754	11.980398088816177	79.01270065197268	53.24236642391724	82.60447767516584	32.6495883885086	5.507550964864086	14.559353214929354	47.83874365890764	23.074742254083915	1.811048554516933	0.8320992812573577	13.664305676908057	2.1673369901498667	1.2814087452934195	6.472593502022978	25.23840681354623	16.045147786726794	2.7238238587695194	11.289283026554962	5.926352590256178	2.947184867927517	12.158965420057005	11.885383386816605	1.325620407288079	0.8280716181084434	-1
32.00219215136009	100.0	69.91922104171121	10.66857953918198	5.5079002968191	10.872600191225562	11.478616792692135	17.03742649616159	16.575993388094307	26.862470886702525	8.390124335860685	3.732173198948668	2.7909411982326677	9.559680160243406	10.50504855542172	2.076948178120866	8.172386453197854	13.899946583135959	16.06202061918235	33.9064871536992	85.93822757338351	78.33246246071832	21.02405958304436	56.37760645863641	33.79660068202228	7.205263797787407	7.904631663038713	8.550604906680432	3.454774124159726	5.08479058062207	6.396510459525282	5.030487693485297	2.6185804339020424	2.4650627459553425	3.530600139787389	13.323707731513785	22.20731566431821	35.69965875209948	7.262913221085612	3.271553397940304	7.390754532179314	4.181084741317923	7.238294745682133	8.717664251611719	15.024201081436098	4.070428709722714	0.9522055890596907	8.244230141899196	10.643910644998497	9.785902160715542	3.124685584327781	1.8646459315741943	5.927311987641954	5.946573030613908	7.1204786799613355	50.062379747705506	99.78371132299495	10.698752174332634	1.9297771095235559	2.4836588668640087	9.11777280194072	-1
1.6990866214922393	100.0	91.52179228758158	3.7513229681225337	0.7258221896927792	1.6371096807175143	5.622801354087232	26.5587277231706	11.047490406674099	2.239744415364694	1.908498710739373	11.013100322640524	14.965833218819732	14.852185437711881	35.40020948727492	20.060558923200276	15.924655071593453	4.701263790467728	5.8525016852443335	2.5137920260230437	1.4696329583205023	4.998734156135149	51.84569709144117	41.55080864115134	65.03584730951091	50.77507657506957	26.138354744608826	11.330958824384915	10.33239303589197	3.249972197953271	9.186945309638311	66.96896166934567	15.543427267673797	2.3769098788849625	20.423515670999734	14.099918149541267	6.038151434957373	3.4802810750582074	0.7418714926020312	0.6861552159936387	1.0556023610366678	0.5768558641813286	3.249720616068477	1.8508461520852495	1.1280013248117569	4.789215568048045	11.20268178089525	2.1990148311962625	0.6447472845787183	0.5303945018607145	0.7466211458860109	1.064659350638231	3.5452815939901985	9.799056848537347	7.117979255651838	7.111994092113386	12.348683166708868	18.70093514457583	18.78270432835678	13.777905849181547	7.618907952396503	-1
6.2825633068928095	4.1616200160836785	10.029702504569592	1.7606573030576431	2.601962078423325	6.828809058251075	25.154036113483258	38.413882961552744	28.770586762497306	2.0980855839397723	5.977649237960814	22.131380081003783	67.84631297478661	100.0	19.050869076344103	42.1539851129251	35.02455024302119	13.942897909803099	10.47159677510599	12.952911180753523	10.939775335669022	32.5075798592073	54.78041307449735	22.445513573762078	11.763066381616953	31.963191135347234	31.291842425114297	20.431733619165815	10.463172807993322	9.361899315198983	14.253696286783091	7.552544606185033	2.8839138634956605	9.560214636151764	5.789921502964669	5.8139328595961075	4.889445554109204	6.211895322335481	7.1286435256670275	8.054620335584241	0.9163630871002927	0.48436179293553944	0.7105511371560844	5.786351313012176	3.313800970680526	95.16730248210865	57.418332487229144	19.2975461585315	5.995570205734985	7.314835136529013	10.948954693771906	10.31848392372849	17.52763719322697	36.97663573025783	60.86900589381307	32.26696667858925	31.985560433155534	25.216977799586665	39.894370780752446	49.54532579305778	13.060654412116197	-1
53.16308506444267	23.084464722357865	22.746173611583924	96.136588383021	98.69799176739315	83.38113792221147	58.30966933065029	100.0	44.18856196645749	18.15752825364713	35.556477229659016	100.0	31.063716790084992	7.204284860380645	3.547861107259326	1.0187345736906546	0.7326739779907558	2.4946192952972672	3.59074998717362	4.431842515626161	2.097326984279981	1.6982675603922393	8.598388392483606	2.0815039926854833	0.8240273622526582	3.0758316020522627	17.00688376889175	11.040893483423517	7.301403361025347	15.250038074388467	8.483625699921015	2.7819355091239513	3.08073769943116	13.38426696682516	100.0	100.0	51.342844303194106	26.343189608008707	4.470846144872411	4.6801444026810115	10.247063116889166	16.54256185742471	44.107576577960145	17.02028595723444	7.016505611322281	2.4483777841920715	61.495870646354	48.268477222314765	100.0	21.32463106322204	5.7931411603391965	10.033692419264728	7.528725420628426	7.462210407107986	44.45065381931848	20.259177254644243	14.930158712940095	18.306534338745827	12.29200689944375	8.228232850489903	6.62363004781713	-1
20.386286148684842	17.892350617120503	35.02405963535318	33.801745362985265	53.29492871664752	14.534132177925901	7.884481163685167	0.7842707235820406	1.0554987415221866	5.768459432889836	6.825479322398088	24.516514655261872	25.584330241098865	10.0704467028195	14.810557345243453	11.428790911959634	10.952218468852099	8.682871009441099	2.5887806300333027	1.6576982726827836	12.591847468235576	41.4313981002048	33.138552930589725	7.57143872236034	4.8074752383551	13.591961124917054	15.531252572185966	8.280292267380116	1.444096056143557	15.255279306931437	40.04463834161996	22.803300611975544	17.18450119522242	22.559279937276063	50.837596334797865	79.10969332365532	26.348333331796564	2.6317022321029793	1.1581020299413733	2.087618559668943	12.404985270498843	29.95664777511316	100.0	44.710871926308656	16.122607040000705	35.92595825951281	10.910286204836936	3.675238631330765	2.4663741431517097	4.82612542453398	8.6179790475165	10.273037492992467	100.0	54.58513552753044	20.867359262496286	24.34263294195988	24.653580113231534	5.71212578846407	5.241956100078911	2.22854577279764	4.634058439197374	-1
12.000757462077217	16.139529586462277	5.530003331153066	3.357254619977031	11.772032739494897	13.893819738017104	9.447189951010465	3.6790202752478005	5.927870637082517	1.5772044801420289	1.2955238531343394	1.5722107742739881	1.6873311561444315	0.8534532009005664	0.7756444905779984	12.673569559019585	7.793874326981197	3.7777747566093787	18.48620734206562	12.141313353887872	4.195681704749533	3.1424468134402486	6.903425533785724	19.001403308200626	7.354344293000261	39.23789596871208	4.1353783623727915	7.278485992260264	21.11309236330142	34.079223439474575	40.626933073611355	57.317060937324946	36.64423229864259	26.478223003538297	7.680076054077222	11.06878522371786	13.235628253012607	17.46368791582441	20.476839126847665	16.736675317559524	7.303683011365744	3.4877277613046225	1.0390044075565037	1.6450987051831898	1.8276650250208297	2.9832848849037132	2.287645030155414	1.2773335813750628	4.228997713143388	7.634285134344173	1.9179601748704567	6.299425493298979	3.047215915539849	5.427461044287437	3.8579757233996745	0.42271980739636544	0.6382425405835439	15.759488679019668	63.85766881237595	70.32507950980204	26.55659353967477	-1
14.352140645641612	8.203377462319738	4.970592581237029	2.944464627827771	1.4187398973692404	1.9414191886950718	2.219520536985978	1.7926037221830597	3.1872342194156396	32.91309284363192	100.0	100.0	24.584130395575066	4.7926940519188195	18.098353956373987	50.712435539367526	22.919796189146492	8.677717261142691	6.4388308765435855	3.251098027284207	11.381178879043565	15.588075227450748	10.563428524205	29.91452336032108	20.304928788338056	13.32286781779824	4.492207096989195	3.0995506404293565	29.400546360976605	46.4662612266626	24.09964767806126	48.46454506649822	38.77318505048022	49.759885332129336	67.38867983891238	82.86397401762987	13.28192529823565	2.5122976196761555	7.93259898103094	23.08106938484672	39.268673058250414	22.228109259718227	33.89913870855828	26.82787349397161	21.49224784718625	27.85710903853232	25.20131124336482	14.896281859871596	67.93551811783644	26.577662897616115	4.893035056352317	4.388131960654736	12.034243427560261	7.886857370900845	3.8940723484403095	3.679025846487006	21.010364838109744	23.406452983299033	2.832683784054891	7.8588918536652965	19.168467637402156	-1
8.527376663766132	8.362269020516324	2.4553740230769345	1.283384181313656	3.390069789050847	12.9050988411261	10.849156086201218	9.83786395678838	10.518421957473574	3.765283226874252	2.438598304423586	22.253457319614355	47.189838840483226	14.509818571758093	6.8422846996915245	11.660977768937311	26.03828629919554	31.502682098351663	15.858392222185143	20.535845186108585	15.921152413328043	24.857999837273137	48.04752098483157	15.407370272968716	1.6914297210803493	0.8536976873144071	2.954195731033162	19.185400874374622	5.391879771948489	1.93820658329467	1.9312692820359194	9.85942014941327	26.723395724172725	34.957256471230366	8.447620597106079	12.345666491349055	6.585711967294054	5.480569983266374	1.2440695803691786	0.6819277809240182	1.4373856030872987	22.99855226968664	75.17663101695146	85.23393041497081	62.62561358668896	33.13509403435639	22.60801061351901	3.2284708728820535	3.167767761331861	2.6767973020076354	2.451917782283745	2.0850672768130964	3.2604860767268886	9.826136409888644	10.09624836640593	30.807748686715822	94.55457280655892	23.839715820722557	6.064955165781272	3.182022464818937	6.072803210720433	-1
