8.095591466420494	5.496677171044465	11.744526008409252	4.141971259508441	1.226496584319454	47.13564690598825	46.04677100702298	9.680471445573074	25.92896045242887	65.83441598535481	89.81887016798535	27.199416466991824	6.929553235193833	23.928554677853814	56.05762680161687	58.76986748549269	100.0	91.08200727777208	45.333372511412286	33.62177175420581	51.03158314293904	16.923147437872203	33.34327054564675	83.95290731637122	88.16202485590158	17.147013204160196	15.237115010891499	20.554418944128823	11.609707322911332	52.452838738482846	33.28971821824996	39.26172547320186	5.812173281422696	9.199783680773034	12.203672298538367	9.67436245878224	3.190949652003485	0.809653410497342	0.7300155498347257	6.506713266371192	33.15426090934762	78.93227453780243	17.62744963864871	25.565351456582317	4.443538110202036	2.6020754652653904	5.835698916146453	34.57593028192081	44.115798232694054	8.949325532392214	7.003645554114129	8.57429790245025	12.268780293166577	28.23502544092198	4.904754625685666	2.8490053466890193	5.037108512644886	12.813810759387101	26.122906171044644	27.31483847976523	32.740325882369106	-1
2.3788515883534935	2.071074859799629	1.4476998975355926	10.570011237843046	43.7138707410308	41.589265783676915	26.356617190098504	32.664337223125024	22.176895420258408	35.228156663046725	94.72362355670295	75.97530806563736	100.0	100.0	51.33470813049197	100.0	95.73340368597084	100.0	40.01065132746132	45.13967907239686	38.24673410260663	62.412121860370824	67.08406626546162	72.37171906063975	42.97070067823627	6.880457323115042	8.60101120049002	31.433355205663393	24.566582243488813	16.207192987664435	4.008851764063464	3.959072613439256	15.761020389924097	15.312685694104761	15.317818404647184	31.165633865509513	100.0	100.0	100.0	100.0	100.0	100.0	39.55344357315381	100.0	100.0	47.64792048729478	100.0	100.0	100.0	100.0	63.2577049830028	19.69558532709037	13.466649332268215	4.979187443841239	11.478462011325837	27.850727335998787	11.148189416706133	4.53532863092678	3.7213432952696657	6.523582408063874	22.527474136738803	-1
20.014967741046902	100.0	67.43522253345884	13.655722278417064	41.95954313139281	100.0	71.8939217844695	47.794888302595155	32.849424409386344	62.27684068968706	78.6427229790668	73.62972536016815	86.41721348633976	22.741329526694404	3.3004052125556043	2.3907230511615047	2.7843160172773285	41.951314323322485	37.564604231943356	54.027842557319204	100.0	69.85623995071704	35.27554964133129	11.695232844698094	21.441112022988854	51.50094149986547	39.39424558310381	49.41381914279966	27.054548523773537	92.40830614363102	100.0	43.05930938182557	31.943715389614262	86.43247803773505	53.61460190615663	38.90751460355594	16.75567855853514	31.994657242172224	70.65447190516244	48.102295284249976	8.668334213643462	5.893655993754232	31.118673667703323	34.57400507640521	5.558038509580848	16.77494746166796	58.38747611802594	15.772442300690692	4.058748381590388	11.494108979730402	14.990678497482167	9.921025407719046	27.562948244054688	21.198919968091833	49.33908817894075	19.539228044270214	30.465625458682602	57.458447796276886	54.269037867866004	46.79899945817138	100.0	-1
64.2081854163947	35.83002638038329	14.95286715575206	23.89100481766967	16.368638284978264	2.741169640965995	1.1769949937258743	50.261727224003224	7.980357572259964	1.372346787827602	2.4131588916292017	4.738542254732516	7.704238803602016	56.17623647992805	100.0	100.0	100.0	20.779820194943866	3.3633450674272254	8.954138252416866	8.137788800756121	16.423437287498658	1.8894678374976508	7.6434661003746225	10.065022169668278	24.67456819198071	34.478894317144565	39.5512934795416	92.22643873704241	100.0	100.0	84.09062319304645	39.855601851267096	3.083296837122843	16.416115827576327	10.265447233430617	41.778970460381	100.0	100.0	33.72386131443221	100.0	100.0	18.165259012625867	8.112218614482746	12.069881549432768	13.540966127504806	43.84656144981163	27.41816725904692	43.27295758046691	31.047904999701842	24.460068427651564	28.30610924892223	76.77529296063373	13.992743129078745	6.343925110457847	35.645127231744	53.50519713709679	100.0	42.923365644298215	46.092636494145545	2.810561702190023	-1
90.12729671117324	100.0	90.79021037900256	18.034218138437282	69.18649392828543	36.6694625472207	37.34517129774091	78.45567214218381	100.0	100.0	58.73307432549126	60.28359593859061	55.0891174595644	32.157951736540625	3.536087371536849	9.258648340835222	10.752652644919182	59.858752161370965	37.85709582401325	40.49466447598681	9.352600148998848	7.8704290448291285	10.926288027813218	37.412745412977834	100.0	49.8079421482015	7.866866526644164	25.995326850418966	56.11243912188303	12.653224812392292	1.4857361594640457	2.4573000477422484	7.929436418846584	61.91398785726666	20.74478359681978	100.0	100.0	57.60678015463366	80.16616077529991	100.0	100.0	100.0	100.0	48.34621575877964	15.199265159200746	34.723675959849004	41.66015938284339	42.48529839869546	56.16175390139961	100.0	100.0	84.81153862412805	30.06544523665932	58.58730797744664	29.56928491067219	9.524847652964606	9.24882307226945	3.903184053195397	3.498979597656929	14.084621375604453	17.206933773568405	-1
100.0	66.30542314158639	18.23051511827941	37.62805433851604	54.60345073555422	99.45770397739422	36.22139324437745	24.977857861653675	14.842568524358473	49.66566557291766	27.356323806334515	9.986070407957918	10.945042621554201	13.971348671519975	47.58102630666232	63.42983803742438	20.981337437027126	100.0	61.183063476908515	60.43126229865626	100.0	33.996670614416004	21.512494509599847	43.077261097858305	100.0	57.07263480297258	41.18757281910401	29.804354026421894	39.766102327057894	41.01536403788624	34.78038064365136	34.2699086291424	61.04351553098881	100.0	66.5465932957852	55.92697533783884	74.76329035471898	32.66164948705208	91.99196142811728	100.0	100.0	100.0	61.304545889603745	42.875155926055264	43.12385538909276	23.926999979483124	35.81440041649357	29.059318978180464	20.224238726819006	9.718333643626334	18.40512621599213	10.960474095823828	3.785977629100464	25.80523926571849	50.42332422347475	37.70984569472851	19.778969783879738	22.913697404391396	15.229641028227595	93.40618094064318	16.6344804513616	-1
0.15754449485495056	0.8615955028243469	16.731290367168864	89.32095344639545	12.161801386011346	33.262417224994635	64.97885592301517	20.458474633162588	55.936259567482296	100.0	100.0	24.689620502888886	6.443918073377161	5.108037099865646	2.940573035973888	4.3886631622125245	4.853801593251364	7.1289302158827095	9.257446687490662	12.841670303015693	49.76501497108007	57.09136761129577	9.791246913466194	39.430209497836785	35.951775381442	76.9442186285468	34.952660615853645	33.593749725051	38.701488558938934	94.52129551019074	9.421048891599082	6.130454692481105	3.3461501849755453	0.6673126966857307	8.570354912828726	62.94689028199547	100.0	23.353267773664268	100.0	100.0	35.291228822304916	90.24828976839544	100.0	100.0	46.71899419079743	16.52721409157494	12.255494809196737	3.741805589333207	8.690178446498368	12.03063305277728	10.212400103102748	4.085943094406717	8.254432593672135	40.18505882126844	64.30792638518335	100.0	34.991183423511096	90.46567995861464	100.0	100.0	4.85696664114264	-1
4.565580774951159	40.3118500515664	94.03028491336407	9.808169023492253	8.777084080773555	13.444782668241027	13.955946021429614	22.682425063245912	43.06981921475821	72.41435093538017	100.0	77.1818696886849	94.59212455335751	17.980402902861314	6.8655853283289385	6.571888352117874	11.331202262375903	8.36239006693327	17.80616726848547	31.721936954909253	44.12193948115174	33.38608162705624	35.52912072937444	100.0	22.798638617666168	94.04785631153408	100.0	67.97378561056473	31.380515332860398	9.967616507568925	14.441626169783838	10.898245425016986	23.339080331374028	36.38096323082799	27.661820947078752	41.024349026834884	28.396501564934404	29.24091282614729	70.77537950038096	100.0	93.9869095009272	50.40474263928433	29.012180897731508	19.735557056145467	66.36867077514894	100.0	100.0	18.912873646131022	18.30138939123445	30.84540191191573	40.62884977869243	43.744585372593626	29.520034142910916	53.369466628211555	100.0	100.0	100.0	100.0	23.020363021914765	7.642154113845373	10.649417611908737	-1
24.71320094812294	21.286291587886527	11.977068932633049	23.098645113279552	27.68056122051882	55.671143614141265	19.35396544858806	4.128689227099784	9.70556263267396	16.38283938957002	2.12073150275752	0.9374197959628778	6.124389403119032	100.0	100.0	100.0	24.667113358841114	34.123936835953145	3.408927652436583	1.4979452442597234	19.101372195740414	17.596977134388062	23.290895998438653	54.03189094534724	100.0	99.44872564438546	68.55729652321763	22.367133031026512	65.2157613661616	100.0	70.59554849315776	2.243501293551215	1.7396170348253661	2.0903659174916656	0.9892859557266691	2.61534838683326	6.125022227761593	8.749086419005911	1.5507567562125466	0.4571773881330553	100.0	47.77643001415741	33.0895229704607	30.298135717880722	84.51882538320294	53.07209282004693	4.038531410181319	1.0786920731691485	1.1200860610736614	4.229472119848329	9.310183574002613	25.463538243919885	36.20518025830324	8.7692998814911	5.033692822745619	2.16086539231025	2.403027792305455	9.099228495942983	38.361181861759555	64.7458673657422	84.29442378492514	-1
5.782719598084158	9.55290555261788	10.601106116848912	11.137877188436038	7.9451818956368605	11.746432843884078	18.266673992553784	3.663716696417008	20.63354954120309	12.650847957980519	9.758923689916323	4.566055165064946	3.448151804334293	5.439668601427503	10.551234775511118	36.59898439678782	22.670814327140167	28.240133819659746	7.720679708440783	3.1211161956753	22.640062426372182	15.108060678148506	6.041862277192665	7.9709452587237575	100.0	100.0	44.141731400660284	77.4650491383929	21.254766473229914	6.090681321708616	6.25064024116137	57.18602059614151	14.70641527963095	21.920738512013585	80.46544434915889	100.0	45.91929343903333	28.916955982566996	17.78785794841957	23.2089409688538	100.0	100.0	76.42807340797718	22.37959736037763	51.16065365961795	100.0	29.174687352594056	97.26642351535908	21.285895077363907	13.604052478920245	22.20915773025804	61.11967143270862	15.756177926318282	38.03484617849909	25.993493523308736	36.68454606594248	22.973235635731523	46.14509860596479	5.763318311273687	37.63658177597854	39.660004277139876	-1
35.01603952605504	19.67994438109999	7.862081717345389	2.0963617461018735	2.1652830891095323	2.815187945729618	28.75583043050924	43.306356005955045	19.96426411907351	65.49252058176528	24.811006052517556	7.870687605487037	12.916929090774328	4.41097681814746	3.233860651079807	49.77246266413588	44.12669929776542	10.334883963223891	13.061921492321535	31.680684121708275	31.743048498230245	39.83276222987718	95.1369515321696	19.4186923278966	4.357681607484327	54.580772533655704	21.652758758695786	1.091128988843262	3.902215520706709	20.227249870579957	39.828909565131106	45.18150302383553	73.68746096681346	64.71836213503451	48.52728001968093	47.89145167249811	68.51685814445665	12.015934172152743	5.565861339286091	6.351241936102008	11.938358506644873	10.473266372934905	7.3663003190636065	14.083174447658367	37.06090859748813	66.40952385689809	16.221840483913837	28.28995331102099	10.510005143713455	29.707694791905286	11.645355016051038	15.574476843439294	58.078822573462695	100.0	100.0	84.1656375597082	54.81345834639006	48.663253035057735	32.20846887883262	100.0	100.0	-1
3.0661525833050947	4.72796823901195	8.189557074954077	25.093957430034095	33.94760645346251	5.906603837254012	4.163673429909538	3.9894258350325384	22.614311374304737	45.49619331140078	100.0	100.0	75.2782348647153	22.90219359069956	15.551818381830172	39.9533583125653	39.51761244359058	53.34247281731978	17.076294888375134	3.125255183402676	17.77511192111064	100.0	78.61706029049566	5.795398550348769	7.4457978064052215	59.02323039844979	100.0	100.0	18.42879913040096	36.67357308838935	36.05176636716761	66.5586038494698	44.31575126220042	10.809390367505339	3.285665334305022	1.2160192026079353	4.538996475584928	2.9283590283721135	16.7476340074557	28.88264931060758	21.46538098183004	35.33043005470425	60.79312640236196	12.077421277881623	12.478129842621215	44.58033264958453	91.719648964523	48.00032430065909	49.60864677213027	53.05680319733551	9.687288260025793	18.347916833791352	9.683632202199805	8.95431797128996	7.729214238528577	17.99191583632141	5.461113308129229	24.049647678360426	35.669688808074895	12.628543762360438	8.36000658371527	-1
100.0	100.0	20.364802420105068	4.665858220171499	31.091416352846437	100.0	53.19461773631708	9.838370240731345	4.506135148915652	31.34272870901242	31.17851411733846	3.218549739119938	0.9033222809308602	0.6829761649212516	3.987500183544295	5.3782212320447655	13.023639988977859	4.0757855390644195	38.60753943401747	16.415575143705222	1.7045226858490754	0.4137789635981033	0.34043022836565684	0.5439144999586544	0.955576227274382	5.257602293488892	13.278052065489552	10.930829666420783	7.640906829187977	3.207174573711927	1.759043472007674	2.1221416446609016	2.767057443625285	55.58593515033612	100.0	100.0	73.02685075617264	46.87891785049754	76.81239833975425	70.31263100297164	100.0	68.77461079867503	2.9913381926550717	5.410713284025857	40.16969754495722	22.858823796611624	43.6657203906353	27.29872478368185	18.817032235364092	19.37421228975681	15.197798470474384	3.374475794850927	2.405986556852842	5.145967839388299	5.890538775900588	5.466272278357045	12.733991978053997	5.29773936984528	50.2182008166673	26.693819196392997	54.98455429884882	-1
22.15342258355691	31.848191885997043	26.838401943406296	29.226798846773484	100.0	100.0	87.41480430190386	13.931643226682944	7.0464602724692575	5.1711725682674	6.593333988033856	7.275014252773784	15.996551806674749	29.955314349716932	34.076159457254334	51.663502705448614	90.0772974566958	51.21894360013922	32.37274930036042	31.44782792126105	67.01578193976619	20.84947356405368	8.478889967628987	13.960280024079209	36.35398189613291	67.02880249121957	63.47505495277712	16.77854937851996	88.42768514007537	28.06855073437173	16.093708456314815	3.4076906435582024	16.006711944314326	48.89696558553661	67.0507868995924	55.41350391557737	58.2042602782774	86.83812976791243	59.43913145882448	6.846911823646801	3.711325848427764	55.38803237266599	100.0	42.67259504926648	11.926844292324754	23.369500036435905	16.295971544082615	6.806092864219393	15.387174615457749	22.378422264525717	76.98939510297839	100.0	100.0	90.83035502227311	14.02140987840728	16.23366143017269	15.689087167298066	70.30671588802488	37.15108606492202	16.19678273691832	15.341336870950629	-1
21.02913227502374	66.85032197969528	56.66363360455033	6.645560076182608	5.797537897539214	21.64116994364352	26.608642931984498	11.035817037313095	29.851964120137325	15.131439770178828	39.24032228528393	36.567246062542594	88.59539304178502	31.89410131838289	34.8839144531639	4.22620263695267	4.638037227406894	29.73062568698654	13.0959524040461	27.71946004334076	55.08314538124467	61.22151673519064	27.130128542057516	100.0	52.387698789053786	100.0	100.0	30.133998732673703	87.7433201534601	100.0	100.0	100.0	100.0	32.4559865032536	17.756925652395655	100.0	100.0	77.74692839748683	45.35689260898485	48.23821910179508	14.668803391816516	14.111826012040638	22.10718700054566	78.93256271832449	100.0	51.831236337931934	68.56508281721337	8.39083346874776	12.182800182012215	100.0	100.0	85.81421594740317	26.3187886690129	42.6568087451926	7.8124732701511395	34.91036453949726	100.0	100.0	24.181145378690395	35.71770660342115	22.783026289163214	-1
33.218052011326385	22.360357742814088	49.570326746719545	65.80604683170989	32.17609964831639	13.331446396606001	11.104121957990447	4.953555032081714	5.541755342128581	51.12687872541538	57.87540713951072	67.26107422186993	97.66631174919695	100.0	59.19474441779712	11.215155822307512	6.047601169303544	4.898404621199695	9.629815031825377	5.717079119759367	5.318717650962456	7.056648551169257	5.693834256569673	4.078312538085827	11.471415158724259	7.862428230356447	23.029961869087845	10.480817289575564	52.42376734375428	18.32748999997644	100.0	53.68211282635009	15.295402646894694	19.495650536909903	55.46196768699334	74.5196300257184	84.56548704139374	16.620302852023222	9.224347518200041	37.83015113483856	92.57315193526806	62.63275657649621	62.41650788522317	4.5598076103039205	7.1763592524873445	7.811663982975215	50.02619592344934	100.0	60.48585821060377	60.61843070490677	10.031272645659335	2.7035942918472453	55.52001254763286	19.936985980542726	28.294675241864578	65.06628472238636	33.24554734928519	80.63479223443746	74.33444111381016	100.0	72.20114432199512	-1
15.076802454233182	81.46264795336758	62.771746572695854	100.0	56.949313184518054	34.73931157364977	74.60897871113501	50.572289119121066	100.0	100.0	35.60181411823623	5.453173694139423	12.248350496520768	95.02426842137368	18.526449694393744	8.820973854190013	21.31810411616576	67.44411706590648	90.4201715430398	69.98215695661084	62.35182451367335	13.322896779799079	10.297062932727526	9.070085706447756	14.559698355946757	4.0298395122638855	1.6336498153425354	2.574661149754794	33.5970341925298	60.56884516946182	83.76574449371621	48.009524691689364	23.965063296260677	27.37760005642185	34.539200164229705	73.21151217088828	100.0	72.0387051732857	4.752450582049498	22.654219916382107	22.27021858877072	47.331851360720464	28.877411733405314	100.0	81.71642833936133	51.59734325153309	16.87723243694636	11.11522172462822	9.258385522569816	5.902674019759895	9.233183068834986	11.342325196739143	35.594082945458325	10.187814732137166	8.601030150937694	23.273290009029164	9.001065499962854	10.140762839769073	14.691395076139287	20.86911134286704	21.296822784325567	-1
16.567930695581097	4.082889596711195	27.116598658576528	10.028552785195178	8.138780662464557	13.31016550195589	45.90331125436324	22.884593424369324	15.322875536525922	45.35026845110965	100.0	10.85165571686729	17.293784795203035	26.47067636715942	16.111123752226725	23.505141578372797	13.95356224604188	8.579828176705412	8.248451745303143	9.665894348593403	12.78334614291096	16.070372922015736	14.394992508177419	6.168469877574421	23.90388179055469	50.951448450425055	16.649851008183234	33.09283530980785	48.19732912974586	37.49086629572662	88.06420752453758	14.39801234018862	9.115040331697255	78.99876439882539	100.0	100.0	79.81649083027592	100.0	59.465897047928834	100.0	83.22804869032765	100.0	100.0	68.9796844097471	36.707614047024094	100.0	100.0	100.0	100.0	100.0	100.0	43.42570312515285	13.331711298134483	13.176103667670588	45.44326721967726	57.58086939006227	100.0	100.0	2.4025788580802456	7.534303822422345	54.33877015828498	-1
100.0	23.773911112815362	25.969213960235606	18.163268625641173	5.36500802502133	2.569683304981646	4.6061332135500335	2.7331732844785006	23.03068967829514	27.293457225337555	19.92586309353706	61.04101515646553	100.0	100.0	20.715237358349377	27.209074296386266	91.8625652394955	12.430931275360154	21.759431852685566	15.84243715651439	6.166348723366014	14.736466284814403	19.946794393963014	14.78449727707699	6.560714118915132	9.995003710876341	12.533359139156895	6.379729109517444	18.477918658029004	7.191078719413083	51.08746027838788	92.98060947940041	80.78479975253467	52.063872757469085	5.994182620683225	23.572358432980852	23.371172591907392	26.409515465887132	42.52636200926077	100.0	37.88632673509607	54.290395608399	35.03764950034672	41.488084395642574	22.08136568415848	53.28973978532886	73.39543298444872	55.69596732979443	65.50314864725938	29.152194982872587	60.00434375174589	99.24183202694948	23.19623957406997	32.051103358379315	100.0	100.0	76.62041411632481	31.030964218380145	13.804762714441376	11.2147352932721	23.25990484951975	-1
100.0	100.0	100.0	45.7680404243698	99.89752716115196	100.0	14.423045015000676	14.15090079010606	17.06790637225862	32.33112558912692	100.0	100.0	43.02481421248678	51.95101048498498	24.036794414756606	44.78548145277076	55.996275636524615	56.84374381607485	36.134464139848745	100.0	100.0	97.48667227900644	100.0	100.0	100.0	100.0	100.0	100.0	21.115273429908818	33.306010041369525	100.0	34.51087029974559	47.64924179715023	100.0	100.0	47.69681447030809	42.422122214850745	39.968903520420675	19.8540152165996	28.265063105228883	36.081874715824426	17.166395976183352	1.9163603111645071	1.7235977609660964	35.51019302120153	100.0	21.119712706240875	18.175973376940107	8.452501713044752	4.241443700795582	18.31914921476157	7.871602324847741	26.73222449693547	37.94635729344596	76.2247421190813	19.797061480798686	13.315690570945247	10.640981280218302	22.308052888352698	100.0	41.479688693948574	-1
8.975722096567635	21.295952408793767	5.39732256391735	1.5521769111072092	0.9309570326800353	0.8602474427400796	4.363981231977447	21.22192290169937	2.2698390544293123	1.052921055123581	8.984290989667485	18.57906345401652	22.932342387259162	19.667239705247923	5.8065700934481645	0.7513827602683908	20.30275076099789	13.567082761761194	5.581125949023091	15.430592452007177	44.255765388717805	29.61605061691121	33.596019104791544	47.72873883184402	27.915771182168076	20.044312359888462	24.120129768874	9.27195727648224	5.974958758654785	19.58123139786145	60.62588088188996	52.310661884807764	11.877165867105711	9.34724021314366	13.469768971347744	36.29207421889443	24.445058918674928	10.502242904791158	26.780988173818027	25.19252273242385	70.49222060848629	87.44778176116724	45.07284827535312	1.7469582123405265	1.7661557029812391	8.335593984614096	11.544117525869044	13.722712536333233	35.57400159837034	37.371407115038785	10.916580518132712	4.271608091392336	27.116993913245885	9.076198947041966	42.323243547293	37.67259749744451	28.664072330418385	7.108368585632726	100.0	100.0	100.0	-1
63.3969783232647	14.040633609108323	16.246907883019077	75.74426128842153	100.0	47.25346622326971	4.240712559969129	35.57039277689231	29.067348195727835	4.020160754376697	1.2635975532011947	3.0467971336275936	7.393382135211865	21.485778445794832	18.408186412632624	8.904606707552375	15.651426366032991	16.2777795791078	17.117725334679818	100.0	3.8556780536947683	3.980189799973248	37.62640174743116	13.687989134747658	26.91325599811028	68.86680094258085	18.55747707649749	31.07005392891026	73.92852599625355	62.49261692670042	26.3109501942658	11.83035702132791	2.0361422944816217	2.539506537024119	3.5517039892441673	3.014390727589856	2.626716274835159	26.735732478657237	37.88358454824502	23.51544717818322	99.61961382157378	23.416849082474666	95.21409779981795	73.20639816501787	100.0	100.0	37.92609395488971	59.846669761321124	72.76003307863525	14.553421068046594	20.41469838082832	43.01946153711222	62.29176002780669	31.330030300792135	19.67911475009126	29.926299183607785	45.28067147804989	25.29354037513291	18.673550678557792	54.565102277868945	100.0	-1
51.80550190300471	22.23739359913576	1.158346247945998	0.3427651229075117	0.25335076816953206	1.174158802657723	11.895537682102487	35.814385350027315	57.534337108688696	33.03533229891445	16.205634921328855	6.19858997798962	9.71635116620881	21.210111813023687	6.799849401035261	1.7690966613370822	2.730148375831732	8.345026369449204	10.950254631171639	17.735630674646966	11.219387704060699	17.129052725106384	8.862848206605104	18.058416638048254	30.029824173636204	48.192277748090824	100.0	84.98518738237823	8.82021833504711	2.7667875418697068	6.537213444833342	4.73632700148136	3.285987842306129	14.797435549155843	12.1723312675656	3.7293395389843824	5.2114931635099335	7.352173721534291	10.976141161606883	38.526590482040206	48.582223796259754	100.0	91.18653091509583	100.0	100.0	47.409396633824784	20.015238299136453	9.258787190085185	3.329540106453276	4.167616444666098	8.54675833932902	7.078464276991872	12.337357184788969	29.00429361861548	77.95990939282592	12.939000242546761	43.104251688681494	70.24173612398552	95.91324082097711	28.961931533855996	59.06468042407163	-1
100.0	59.71927399483349	44.99083558620091	32.746466096215784	13.292495565899042	48.093488337332474	37.101733858446984	39.56576199411583	20.396389219423966	68.16041827268634	100.0	100.0	100.0	100.0	100.0	90.06111856746452	13.189771717278573	8.391457100980771	52.633725554268686	100.0	60.03064475017832	49.06936227189532	100.0	33.15575713985956	10.435515892676944	17.08727309902618	36.21943653612329	27.518759507332636	10.62719329059304	12.449226023616074	26.604029516757826	58.92886400905789	45.16966095077999	33.70367702202241	74.0789143384193	23.2363482958848	45.478665909726864	30.053358492193073	39.19386392076697	65.27161707984716	44.073224342048285	9.42710858147973	6.419223274253425	12.485944677896846	11.304858521027496	8.722681354859473	5.483519898620522	2.1823653874964086	4.082147017590068	18.357216863342604	17.831959054574224	57.47825233362147	100.0	16.649575949842102	5.321555365158221	96.58844972269065	62.9487839271703	20.312073928163453	67.7179701381202	24.75079021757453	100.0	-1
2.418348170520345	3.020735601058102	1.7343484283036341	8.448732556722254	13.877930782835657	26.47044389354291	55.672690011663605	42.0897752637887	42.604591531461814	5.264892601616788	27.82787704897669	49.46616880163332	3.79124992992795	0.5561067143380604	2.3003093246955157	56.32186319826704	31.407471767201372	8.457428336370683	6.6629167464393815	4.8566404587024055	27.1779875534925	9.023412324736102	21.194190471853098	5.688158633304771	1.5947169555136749	8.246442316357381	30.143271748520093	28.788262040501273	100.0	100.0	100.0	35.81715764357785	100.0	100.0	100.0	100.0	100.0	100.0	14.322425329497085	6.588946907886254	10.89694381500998	10.123573820960699	25.106315542141047	35.09750320045193	53.06465224333192	23.281719877245468	12.735058398202888	7.1599181071804425	6.247926747959866	4.237763414676105	5.465709095341504	20.620895687277184	24.643661793933045	15.544682347613042	25.15698505007367	62.08160877499954	100.0	46.979330086153645	6.288039676468831	3.315346766722221	11.468785067477757	-1
43.16701901107646	94.58553637202506	96.88476340814076	58.702272246808626	20.632522793286924	8.652084746860243	10.72132024644497	16.536445320547674	6.438415409724461	0.6374057548786389	10.12575574906111	4.996532289815821	41.73997164718905	100.0	35.730644250177676	71.19540325123803	66.56724571159397	20.532515276816625	27.101759995231784	37.460432698016824	59.30080811939074	48.219120174972005	17.28817470612228	8.428085549152375	64.32829675121958	32.61216751132066	100.0	100.0	90.344258414338	18.916005458931377	32.42726587641637	54.271814575995386	48.469865839543964	77.74738068192588	74.10546243390203	15.047028151113253	2.098450632730726	10.977773635280375	23.000964807662214	25.788827390254458	16.54499941060136	53.14468499046802	54.21886909044286	100.0	61.41026309616064	43.61338269726804	100.0	66.78573855638811	100.0	100.0	26.084246558100542	32.434677108276645	24.614246019393224	63.64982163549203	100.0	94.9554979837604	11.2825302223016	13.972541459328948	15.292899239592899	30.188458892706652	25.862789305317825	-1
29.0706453468015	56.46117862093398	34.430533153479516	27.94467570228243	17.80724435419052	23.361120866372246	90.48899808717742	100.0	58.79277660520575	100.0	100.0	30.921149930368667	14.93788857445755	6.612488193100244	5.868297737216285	49.54129673212859	59.84758891297614	17.84191509154152	26.663410465412998	26.73943670282596	9.168803587940854	3.38402986771157	4.550633156403979	27.492743725502297	10.94858434821041	18.892342719391305	7.362039778596012	5.922174206526961	14.652539158180707	40.04158669723757	36.525629694350066	24.469151104638364	46.40404643026595	8.857662273604438	16.23831281750833	17.925643829914442	80.87104346828535	8.755690625776305	2.8956495228772146	1.8001715471661353	5.236756850213007	10.532324969991668	10.925030126554825	8.247180815418984	68.08122857904797	37.38664685863281	13.434454273660167	17.932133330206774	15.520664696546254	5.199593909750818	18.544752381229017	100.0	73.44000458344227	8.43021278660118	6.49700753725789	36.64080337423224	8.915227619171882	7.425859608930194	18.524197427094915	11.377202344136492	58.22845643899426	-1
29.1302321992609	28.03685019405117	17.711150114012874	2.567580554470619	9.333067091183548	8.488576096931435	33.43386319650901	24.837818516928916	46.32502160894401	75.93956592892958	100.0	100.0	100.0	37.135472617804254	10.154507776908506	10.182708854990178	11.25545252193282	9.878316072793623	16.025074988334122	4.91165762124104	2.6841783020248275	3.4077702707898463	2.9279498494755467	3.3006844111307987	26.3647208487958	100.0	9.137156940415878	15.784833221924217	89.76746920953337	96.82711330476988	30.145541011165662	23.063368783088475	54.11219366528431	100.0	21.909393608312502	14.50470951861826	18.809879570716117	19.178225364463326	47.599859206255424	100.0	45.119579581956785	36.60587592359474	10.667574569883724	3.5852852230659575	7.200006517668822	18.083313184953422	11.864135300234738	25.77099984062907	22.50296835447598	11.574901007145037	5.421588180135084	47.46064834502655	90.70477116537613	26.1144984277879	31.16647951067256	24.302394074450127	3.505092296535337	5.642648990367177	19.244655961153676	12.174809010762266	30.36807865951865	-1
10.857982043581597	5.737174567364577	20.012962497416034	60.16603158766653	51.76551264772952	100.0	75.4037679361913	100.0	25.899998023958574	28.569030169563984	15.86244352703928	73.68326196222463	52.12756963242367	22.184258122481527	9.360506322296466	64.53879496911927	26.611271281670078	44.65763932403848	100.0	23.69465692133188	62.81017335243083	68.17669921449405	56.38488357150022	56.650471396757865	29.994865220033535	26.662318740594042	46.781723745210236	39.24597873429681	19.273770419255744	14.219653164419057	56.20222602125909	100.0	100.0	68.66523364672706	35.22207765753129	49.06324870141486	100.0	100.0	58.09639413985458	86.05656036017125	88.23666536039603	10.353266004926708	16.295475405137836	8.961806624173164	25.113740694367415	99.2440258796825	42.04507518889202	25.447405123909213	7.532301060912572	6.971468877017879	21.38384231031247	58.78581337515112	65.82719072859783	16.623751802407977	8.480978184276736	2.951603093171353	12.46669126689293	15.881179825846186	11.446487629872486	29.859671633083696	100.0	-1
4.535157044281569	14.946868404916518	59.838173107754145	16.58720474584509	19.99897693184478	93.39230631112132	70.31651470907701	74.43800239324774	43.185452168989706	47.10176796810402	39.0601991042964	35.05580149489783	9.727343099248316	7.843753964248046	11.957961530485992	24.574799675527846	89.42156523167344	75.15959201243034	16.73755546743369	31.916181463358853	20.469648087911303	11.379391397641275	2.4381695024245498	4.570489975091864	4.370913699607323	20.906306962091737	82.9028132369358	100.0	48.48481996447961	34.73997732708405	44.00265137195606	73.42248256216793	17.29256173998239	14.411424039971488	20.499471050861498	100.0	100.0	100.0	59.50225709748246	8.811900652517293	35.06518086429198	68.38457177147964	47.18043002967903	95.76802839945533	61.91590487997014	33.76293533701776	67.17645402757772	53.71662498362719	75.16094571400109	86.73099480055131	37.10121837616625	41.785841249981324	13.499646642643743	3.01687310496578	0.9685229753315421	0.5685551279936825	1.1692737130507809	3.3600082702764587	2.650671856296862	1.2904441789863104	37.115214852907066	-1
8.674090922068443	1.6150046543098309	16.102423958816956	100.0	48.98610022781182	23.537278101074566	26.37776004872278	100.0	63.538187288130224	10.901452328413873	9.659953957926817	2.1486645292852278	9.208892961700524	11.957156279161671	9.833531168409607	29.017818303960404	71.95887975904907	77.84703961831656	17.636947881212414	17.934773200034996	10.848528955257123	5.60217277080973	23.095503103421056	9.797476750469253	4.088886878652459	20.277336666767024	9.423595472491188	14.018289308123505	10.741699728726122	37.263228229114816	37.86332563831982	23.347338232685242	10.756632779926004	17.059968009910943	55.95367239900557	19.06336620031164	10.912240129887964	11.623143407929287	13.859450147543953	14.393179059977681	18.323372108175114	24.040623873414003	9.252302322843319	5.78883413377708	5.4150753335258655	6.632072038151792	20.59910018835941	27.13924852325854	51.47576197059854	87.97277034617547	89.14520823511658	69.22518311242966	36.63275493696792	57.20590905183123	94.74399292963155	54.5786056242008	51.614124120550485	8.458764597265843	6.645118853543438	69.69571070750541	12.179781089992174	-1
100.0	33.40602177141245	43.769217237942506	3.818102817392487	12.31949101008211	10.582826982506354	40.483122841034515	49.89515576600323	86.95194628698421	94.39608641490182	86.18224082718055	21.26139721893905	9.38930257789389	8.53296829737574	8.070706383546405	10.733604111547283	8.22603907040196	46.993868505986285	14.28091922244963	24.22979147829025	67.81340621434026	67.96478424389528	82.35121382502898	100.0	84.59138608838364	5.453687320048421	15.754389746485801	15.8915808949757	19.5332529493666	71.09816070676138	43.96102753282649	42.42036395204962	35.09154187269276	92.84515902693376	100.0	43.35631351223743	6.637471655546666	2.6555467730652182	47.77228105766684	20.482783514081785	2.628077807426982	29.872461581243265	62.688028632670424	60.57715577048443	51.56995608622485	6.07510263949845	23.64081814527021	35.67241682617351	39.29851700561091	53.94495246939122	24.26606444210515	15.019587449684508	9.497245474200017	14.20302466878525	29.191045326557997	87.34133180203486	69.4996726113009	45.233520948000574	9.463540826330643	3.629994660345049	5.868621373442071	-1
13.010767054536213	79.50351739129263	28.739626171228743	6.337492432633474	4.096215912280671	6.843305322009738	5.609275627998787	2.3959595433276526	13.897003962210668	58.59366226552247	100.0	100.0	15.793501222642188	21.069247973878984	21.782030961658588	92.0421005972582	100.0	70.86993952724377	59.059532436011686	14.428497038265226	37.20925519993197	42.164994088884555	36.56469855357313	42.7581840644435	100.0	98.53804081679931	52.98811286650931	21.536967719380062	32.31937865587277	77.79533152151905	84.29701864020223	100.0	100.0	74.32409888591376	41.06007185131719	35.17154551259059	74.14225008875185	87.93510115279233	16.167467586668753	26.51752919217341	19.514399220623144	37.51362372603543	11.67953986581068	8.179229975484386	10.49219996775086	17.538855087687867	12.78103496082064	79.62002320618323	16.879776491075237	12.02625019994388	5.273642105016073	30.25908732744022	12.457267932234004	16.19929164401418	10.010182228144252	27.82107207427369	18.4541719891124	36.38995966599812	15.83948836240081	4.603973057133781	5.414444439887605	-1
56.29146699231207	39.28300028804251	12.866444409750477	12.273653986947924	100.0	100.0	13.914121523155782	6.455216223349546	12.789825274872259	51.8818077603737	78.67984785482756	44.68931308719024	82.8648633471011	40.59572109891595	11.604115896040621	27.560778672775637	77.21629162695784	64.72162347820151	100.0	93.99171956125201	11.981615175106748	10.760428807514026	13.652135289254733	20.76456219769988	24.16141687345532	37.35685090440996	21.705704498793114	43.43476174306743	21.064623606959163	11.569691680416904	47.36597055844926	28.612415322910433	75.44731577991882	56.52834956141333	24.985454224667038	43.06692675675725	64.50894000577034	74.38493529181423	100.0	100.0	100.0	100.0	100.0	51.82790535334772	95.72419134642143	48.065664300688304	100.0	98.27780586431065	78.41322610645	14.624476795540431	42.936096635539265	51.06329326179331	42.68496396970849	100.0	100.0	100.0	100.0	94.62557633564752	31.722203161554447	36.720367063968	24.335418031389214	-1
12.212898762809038	3.656814848074416	4.447661359203512	1.9682896812340993	1.0584374362560793	2.760014441032987	9.165770901192156	16.74709144216107	6.092767073221114	2.173325124503693	0.302366399888252	1.6984103091654925	12.645021216684956	100.0	34.654756424762205	15.975979774842157	24.922335184889423	7.768057585435476	2.743326666359412	1.5358606715690097	13.833446814447898	17.654729859638767	8.866767857592809	6.665195456010498	48.03548151749856	100.0	100.0	100.0	13.792431197876539	2.44388171652982	18.25733671243321	8.719503648384222	3.356592939398043	5.2913154171063805	5.803165302930634	8.064016488208047	2.191656958149839	28.6564530060596	100.0	100.0	7.314416722920936	42.59366482642548	27.362111447001087	100.0	34.83648121633995	35.02606669270265	22.754819992197884	64.94683524322683	55.377309063372465	100.0	43.920490412288	40.56555389865041	40.52168636696573	58.67783932531957	23.179593137277017	61.457513374077465	14.412153439070503	19.44369725913837	14.385111346623036	15.70138311271983	15.265630155933215	-1
100.0	100.0	100.0	12.036629983044392	63.022904293343466	34.34592167265894	19.685836422952523	17.92351074409939	3.7883076922676766	2.335607478844525	16.17388711298768	9.800445342091601	6.016792408537159	9.618087501067672	23.712549091786215	30.319484776397026	76.00203887995445	19.960191079122772	1.8134456432937727	10.416154845891976	20.867805435981484	8.480837290061993	2.387759262375193	0.9652297938087808	3.2791390632879036	15.212559011524684	10.888511267388173	47.87939956182446	100.0	15.390591411709865	8.828035324728774	19.376729745808916	4.653822036026167	2.299056068383117	22.013503096119386	66.654766609468	61.778540573102234	82.97624626227781	87.38830523450797	84.86746152923163	8.170142270790109	7.228442921511842	4.3744705380144335	0.6822321916636924	1.0557479427987682	8.141764329584346	1.7423522752868736	4.807417010342472	37.79035840327974	18.22941248219931	14.453679595495645	28.407003124736008	100.0	93.60049791934577	100.0	83.14270394664734	7.84146188109608	22.83109508067932	91.34216568561787	23.173957028634902	64.58768834352898	-1
5.946849152607065	10.466704872287876	8.136221812204605	16.98054988083621	19.745778670557282	24.815000218324112	12.137343324834934	25.318978197748052	36.125664507042856	21.659687138882028	23.375269784614883	91.85068559526388	67.10446666504599	58.20340628601458	46.39814931574373	100.0	71.69399695657593	69.73986097947517	36.417063464890866	100.0	13.923471550373659	9.001195446946753	39.187091151309204	94.90722614264321	23.500638854158495	22.67402995175819	100.0	100.0	100.0	46.46452846156331	29.08428836943696	45.765355553252284	37.14555007996284	70.88161106290887	77.47412351605021	33.75404225345018	47.92536122260005	36.85372080170558	39.841712505618766	40.74657838735072	22.775807777023058	13.643594366854456	11.958457086351293	16.54461675692977	31.609975957044416	17.82988716071547	10.118634548064755	33.87518269326341	51.99244734279687	70.04266212357234	64.90653320333074	72.08359124358893	80.07773966841758	50.47307041351182	41.72844291310436	27.514527557978397	33.83488775635477	29.422397058804577	100.0	100.0	4.147121770261509	-1
1.9472128991709297	2.1563256410224354	4.364413403941082	4.699523043400104	9.564956600823631	4.363234816473443	6.248339679682003	17.856214578360078	15.716797953291922	73.12521109812363	100.0	100.0	100.0	10.193057264958531	7.8664093296693265	42.360359011707395	22.34776377820929	11.766423960549348	44.891001602079264	100.0	100.0	22.837381688802576	16.450991729398247	20.29098009667825	3.4566208832055088	17.945414474025355	6.095923942261206	34.793632533456176	52.451364626663405	54.09223408081358	100.0	83.63062284692948	37.70570505846706	100.0	100.0	100.0	100.0	88.36141253566068	52.88083177448288	25.257421976570498	50.5967995846606	65.74449518542183	64.3758387611396	30.970983191529037	26.307338208200484	16.695948184089847	39.45600005426543	12.514761509975381	5.450857997778584	5.949022010120262	9.915499001700656	11.201435962968702	6.066248754330783	8.531030843002126	27.000607856560634	77.18376598150294	67.60078200333703	74.91529533115892	39.49208538174272	7.657085855307975	16.14938668620437	-1
31.655266402530394	29.28470154617353	27.721656508655023	20.0410788727146	29.938693521731324	54.168978069290304	17.09125791961427	1.8634835999852417	13.109819242524948	10.576070646787725	15.932557394857154	12.898742072961033	15.750557040573398	7.29236900503285	5.026996859213285	3.909000356078284	13.292231142999864	26.26635655540492	25.710430689100917	11.005388584604102	3.934476931542718	15.177466624187135	15.831674071135996	19.15468379588857	32.36501331164079	21.86490037987591	38.15194305449394	23.490641163953928	51.64509248692173	51.89002320325805	42.47996069353276	32.471130430174206	100.0	79.19347280022357	94.61485181385916	95.93894776204581	100.0	67.00743341313469	43.865752915069585	7.9292607439139	17.853848991072187	100.0	100.0	100.0	100.0	100.0	100.0	59.0981893272627	33.07991040736632	29.231527507336526	41.165010296444116	16.78403415568603	55.668941509448665	60.71392422697202	39.50591797654327	19.209896749424136	17.00053331457418	66.181633875938	100.0	94.10254979963744	51.69671832085191	-1
9.265288099810938	8.236873236000683	5.977953963238075	4.879832457213349	9.092343949758664	13.594951926833781	23.919842061365447	6.746230123520194	5.985481993558508	3.7800799142026844	4.0355081312504835	11.513607676429084	12.655922654193786	23.70209728528213	65.37305403920172	44.43388047661202	29.58137523209177	27.85017667196083	34.37357506926371	11.003428067931004	21.971677443635677	17.076935446723095	9.955145251919646	12.625397165892068	35.43041067917509	40.03997638663111	15.578465436279439	40.35635880733133	10.789614863212439	9.15212329149411	53.72855685356901	70.75335352029663	45.44815451332158	33.22269724099348	19.956791086613016	56.83908710566168	70.66960126440742	60.73233097796467	59.76474542047391	36.95929287571436	76.51450342963155	100.0	100.0	100.0	100.0	60.0357809357824	23.598547267644864	7.383679568050276	8.576654462199913	5.8574064199489255	6.052587103954506	8.17692340919416	52.42697918500621	34.11969223856108	54.3197838567941	33.86352538619964	30.296282075135274	62.74399081220516	37.623632008785194	34.76708736841342	100.0	-1
6.658833533328636	1.6368763594117917	0.8199571428007196	2.1574540490066596	5.897026443430728	10.686675365323332	9.153600408442239	38.45609377021825	39.310111148604165	26.88105430849641	41.35714116488748	15.552114054243933	15.112024936637615	6.998972180092356	3.0456811092024214	4.2277550883974	3.0404522640455807	3.722823057313889	3.3531272542081854	7.586471435051515	33.16094390580227	59.202294224235196	24.57421695204227	69.29552104150439	100.0	100.0	73.05034322025328	83.57865042833501	100.0	27.03560654859151	34.73694451212803	39.384518188354505	62.53632986602013	36.37073643782445	27.78234619057473	100.0	81.24771296545626	100.0	17.272553839862514	5.790348586391086	100.0	80.43220174770366	43.72527268914832	19.291320420518577	5.496108445539854	15.188744594893933	6.295274605158328	6.380678609430995	8.145200584628892	20.23131855046647	100.0	100.0	32.76603370392548	7.977339937975293	17.752181130170232	11.124102758189926	5.241669616624399	4.923255693422588	4.317243003726677	2.2860092845322195	87.90654222207094	-1
12.782511183628074	6.865910687590991	57.429665583985326	10.43567074240883	16.331956831030464	18.421413855685035	7.123001124670297	12.202880426304075	4.040788722725559	28.99017542333578	15.730605010372166	21.102068560831803	7.191102740016447	21.09517771948428	100.0	62.206976691628675	32.56156344819524	8.491333184118707	4.1130967665844755	21.572609876715156	16.455153696256268	6.1644603549679715	8.43268354478617	25.15215353379089	18.863513727703424	30.1391343451069	16.523970923657014	6.2372249480193185	5.004819465429812	8.317624484204599	7.526799171265232	3.5882157460421693	1.5409995156527643	4.284872653260742	9.16337443387937	14.396337500360202	24.63692858130362	26.90352833458313	3.915358042708131	18.272390183587408	26.09561344782004	5.066685346784605	18.64941746313684	18.605130377180878	63.05676642012116	76.41240139302658	100.0	21.735592044144088	8.207385119815845	44.372438891883355	79.75721170554567	100.0	60.91275026450842	19.627593321964177	48.36379526954676	17.038927094789432	29.947862715050185	41.17576669203517	27.80830654753248	35.13188381226703	8.35080092679073	-1
4.425272903117012	3.801237764098345	6.7100989100970105	7.6571637257900225	6.735803882123822	17.854423049097463	10.197713623682027	98.56030038266046	57.87789053781753	34.56970494471906	7.022224825674698	3.313521941272846	8.829447718044452	18.660442058804804	12.5434357916483	8.761924112388943	32.549325308947516	94.52758781302876	26.546087813391907	32.867390107947216	84.03273169262008	100.0	29.87588765697272	66.19711637856378	59.17674487841188	58.374391697466784	43.55523297754964	34.85497847818791	100.0	47.32940594008894	91.87423595448317	89.22860740692494	100.0	47.81457642943398	12.048267639282544	26.336355218994722	97.83904324555351	100.0	100.0	28.39047176270402	34.59407166902172	19.16106866378479	4.798995092124035	3.3499876630815395	16.87906872319779	83.68099911515772	67.0008423268225	86.50117520967943	33.527115869467835	11.98288660764688	2.368791830588974	18.75253425460907	41.759493112777285	15.129042272607988	31.389313634015856	75.86822839805686	92.89377182997116	17.30502772566711	8.650583822740293	25.06745860037872	46.455803647685855	-1
25.826207126690797	94.08074464953157	74.69813402588123	28.48245744701643	55.61337738022592	36.95281454287076	11.151061355413432	7.897680122355579	3.4248907759528584	5.431682103448513	24.179979359841447	24.77868029950966	14.113279030165538	7.6068623928948504	22.61915619983275	12.399845992293113	7.391070733738783	5.370858945553681	10.033673309804849	19.8836970926397	40.089470791605805	52.53926818478331	69.83975916979786	24.41022191795416	30.39174449899715	100.0	71.3240149607824	70.47249400719636	90.80706414648579	15.74071198445873	2.5132811792072207	16.756126076167106	10.586096611982583	53.046120081825414	100.0	88.67846812317525	18.17447753662933	100.0	27.544687141621004	19.602230068183694	13.188624499871334	10.655678154432577	10.995999922041722	12.057542278093896	60.253897419434004	76.67643569829025	81.46144942507124	100.0	50.26392946953302	16.997276986389064	39.52017687490185	15.419580517389237	62.45071252125994	48.892732107781946	41.91658840104585	90.44408065063055	100.0	100.0	45.17477297118854	100.0	100.0	-1
1.7139477668781102	3.2304610073358813	5.331066972758148	2.5978494483824	33.19419102723769	24.51867431276197	17.490603244660228	55.48504654044872	100.0	100.0	39.870851337002996	7.966938906997654	11.365810691028756	19.852157034902103	2.047270195800899	28.567043509611924	18.78867654202921	100.0	77.31524518227634	28.30241317028394	100.0	100.0	61.02984686256565	93.50116412403081	8.239826888424663	4.100401958451887	3.5271930150187116	20.873638870723596	29.466851543838562	48.40416500365649	32.13767770074394	25.22090145952153	23.179279998370728	6.031265818820647	9.231150230457319	8.752939694922317	21.135874260212912	4.561830353891608	3.9825944215079065	11.52819774649225	6.92347956225516	4.331465882018875	4.9543465329179215	9.180723494126015	18.8499046599265	21.490890725889425	16.452695986509525	15.462333513334123	100.0	100.0	41.59956907353037	19.122655030063466	11.780527632004622	7.502872399373254	17.228071927166944	34.839304336886016	21.063955997762488	17.66606610262715	84.20133909223392	100.0	76.12032620643996	-1
84.84196424149562	100.0	49.233552274671396	27.036281091873185	14.304781076160737	14.701553997858364	23.372938469479298	31.807654578832828	22.436659966680807	5.387882236978326	8.161695216681942	20.2900386226268	17.357884452180844	8.94873801442414	4.454582767015302	4.116308957714069	12.741594941595864	7.591095781247544	2.7136243560380455	2.3069511548312076	2.3523937590224286	1.6647526312569831	11.08244535410764	27.846173217557944	11.987197691980127	17.42518585034785	36.49028793343757	15.36599722317858	5.154370408177163	1.8660611470292512	4.550766898121751	9.473248426040318	26.329615842313903	7.6747177003824865	3.0943950243905816	2.7777816629454044	6.960093216063704	5.101595177556777	2.376997924472095	3.45673515458178	9.234603910162315	10.960303478624018	8.987034819283998	12.94922319666883	19.598657757622387	8.217709701253444	5.30485529368651	2.6045819646874855	10.182381024736404	5.639755082112317	2.383800588297332	8.82338183773355	19.885858266848686	37.78128909552658	28.47498538062479	13.476334573481909	20.32250268433506	19.08634466145713	13.408353451628505	4.902438667478233	34.150077344870645	-1
58.00753478773061	16.578135960729274	90.0482855496785	100.0	100.0	34.994140337846574	97.8850150385598	29.155790930162826	8.738786386983794	26.093146734708824	21.456852302677298	79.64773478237846	100.0	100.0	42.3313575215942	41.630067797853435	40.49985236556616	46.71433516182544	47.8754064651342	28.64556001627808	30.334820498280074	47.32998394184791	100.0	12.19790646683043	23.442477878344658	12.110909881272292	9.02412326538169	19.85915216076406	31.49029358338052	19.887697226733184	10.474317090850821	4.989738032907912	7.453172676815576	10.540253148141998	25.708084778608104	61.06449211562119	100.0	100.0	100.0	100.0	100.0	100.0	31.101682030587533	17.182519010146027	50.270269306485304	10.787600027297456	40.987003662494985	27.41336068419721	11.971593922542683	29.572092287185622	53.928218244211905	27.48812210582625	14.89575463843538	41.497509178525185	25.199365535639654	18.621550914671854	14.515076990461063	7.617023039045338	2.320129123696038	8.72689073043612	46.47636832019259	-1
10.016619273722059	6.432211776455248	34.618249355474674	100.0	83.40451959290273	71.75446502036269	33.21221901810584	7.098716940003819	3.5454584837675527	0.7056838337992463	6.670966495408058	100.0	100.0	51.008054506177565	44.296853543794555	28.265723274045467	44.82645602757258	33.55049680868887	50.30401292955444	54.32236915961759	42.1582606434344	33.32027922308426	13.530462959651631	18.447941632366977	25.289897181971618	84.0498675558501	64.00451377077476	85.3577816000404	23.821128962716738	18.238294868710312	17.643668273390844	33.230584219388156	61.3763112516491	40.18159738816012	83.87745579633648	100.0	52.56349521512658	45.53624863712975	14.54147827087259	7.553659068812502	10.609564284470526	41.4980520058478	10.93226015733848	4.843966485358316	7.58346837498358	11.717857969084172	18.601405893684973	7.033216249375589	8.835766681944813	5.698144622818701	11.579291925402762	50.540408273859384	92.7153595594904	27.661330601767528	15.07051004976418	32.343668866507294	22.332084061892925	100.0	52.42731926911602	100.0	81.83272400765053	-1
11.197557739385413	8.100934194944902	28.95395299782439	19.872164437383688	6.116138296586835	11.129735724616589	10.125935696850973	7.729116701717955	6.254509794004494	25.959351968453074	12.794756576167778	24.215891666492514	9.807269731852037	28.279673960596917	20.89165693374826	14.829946313682246	12.881567740098754	11.61080223562649	15.656313066114585	8.801564452364897	12.021879982433825	21.912700302592295	2.800575664355684	1.9730985093835836	7.506964299116217	6.375609511143563	0.4964424376488694	0.2932082005484865	0.17869595289935197	1.5346771612169336	3.365226665193631	6.427067108723758	8.870654778587037	19.58576511448274	13.866326673667492	5.8933215111036	6.142294263838044	10.787372941323222	3.85044790262815	10.41426689153374	64.98213567139183	13.336935485216998	27.067346517804175	20.761350854542226	55.89948128630989	94.06776931296686	47.53371820245554	25.143405833144676	13.972490338570791	14.783518255944037	14.577018634378712	27.762116039037743	16.34679970616841	51.38861513225161	50.126062947793464	28.540100244678566	78.65281207483581	84.0271530121692	93.69883162322779	99.07718105341077	100.0	-1
33.59063944633284	20.409904077292808	62.68882623689917	50.41865306184464	100.0	100.0	24.807247903179864	9.700228138718279	100.0	58.267687283337466	61.866313130057904	28.16704295561074	12.254795197868441	2.7540003241435542	6.527899732728931	16.231009196252185	25.308232503639214	11.607415055377393	22.318524925718883	21.105404919692074	7.499079200071147	1.7927238091845537	39.97056843023676	32.84963901860114	7.384014255064707	16.161766787661602	23.01548944435179	8.084926251092721	13.981135636488936	19.512100742637703	11.53577726673501	10.164810456692075	6.315489664659553	2.226872802123573	9.3372305604774	20.959098676345175	18.462282459388895	17.885988793562564	37.23662140090678	40.88976235581111	10.464263907295365	8.246762327578402	17.709997784293932	78.73592598500571	100.0	33.442662297245974	100.0	100.0	38.11721835245001	54.5557110688599	85.93075921991031	100.0	38.61232978314108	64.59553850443604	100.0	88.73577871141107	42.31206026147951	17.96946083192604	15.565791521994722	11.4971621031425	9.41517867399975	-1
28.406485202789394	52.350833159755815	54.05951322514029	94.88929487108086	46.14268970561171	31.336240034759502	49.38577351282316	47.8761585131162	50.230192534971486	38.812342815373164	28.68227531859232	44.161921173435175	45.982721934051476	57.24406650134677	18.29869166043578	6.417185593053114	17.80142955104637	2.7358229751972076	4.435996548883948	23.906209544320244	11.755456521085325	10.98696529054475	18.906405990759442	13.462726463842731	40.83402019597736	79.36388479226036	28.110643192890493	22.399000358158187	7.461442665265371	23.37064226159992	9.039603359223008	59.39608332942388	100.0	100.0	36.660761026761136	47.38041957003148	33.786072647909265	12.909237656482087	100.0	17.777619220023368	17.741599980490538	8.561522728463018	29.51908814141485	26.08663802814009	15.488655310369417	8.829738239031258	58.10179368431849	30.291941273901482	3.9091035791118434	7.54014091641605	2.2773652585146706	2.7037654960495416	6.831719643568249	3.431324929540625	4.703471990614096	8.202751806856096	7.593385955892118	25.923915901121696	12.689826092165774	13.66871419956814	92.41570094557383	-1
93.2290513034341	80.40263250390545	71.12357144554977	100.0	100.0	77.43481359988422	25.58602914591933	83.32690116243035	80.49692169723527	44.61177639065642	16.59165745890881	38.193997684779326	50.09268422297668	100.0	100.0	14.484867908374438	11.187845364089165	25.47311425669702	53.372473863291624	100.0	100.0	16.557374791523046	3.438419755120025	6.101145147973538	21.828093818544385	32.56535640787177	14.926139443121846	5.888335631963515	7.889413636869127	18.903669686075663	11.54211734330396	10.882411421149131	15.357595359551537	10.559709603168793	6.310481602951459	28.29569555515253	36.73293917257182	18.01288527717497	22.900921361637906	36.12059886200732	13.9173765955677	2.652356855558498	1.8306708352418373	2.8628012689843	8.233245494422118	8.671538441361848	6.401246915674581	20.043404402916817	100.0	100.0	100.0	100.0	100.0	100.0	37.53198124548289	3.7324046353740794	10.417340703034569	4.82247872562677	1.1412684094584629	1.4117055266300427	5.078974262519855	-1
2.9111637989851866	4.427985152180312	50.50349386448303	48.8240749148288	16.632134383133373	4.4612278936751855	1.9604618903820403	3.4014603600340405	59.451165432989654	81.66402377149014	40.373558790289295	8.60073010522332	100.0	100.0	100.0	15.45984062132886	5.175395433537537	16.78618833785625	42.956099815423684	24.253779091107212	6.52516495429692	1.1403926850714228	7.390214134449019	16.913181714685145	28.84963100935794	24.49991912449333	7.2315605099031695	9.375271578624854	33.042596763539784	26.82715775115563	16.841836051077106	23.085789390845353	96.31034000314025	100.0	34.20015912044813	83.93374208348222	100.0	100.0	63.23795606854435	54.600131863387006	15.756329239536127	22.63695261351617	9.752067208479025	34.32996621933089	27.404044177002742	44.885038323879904	82.94329435976125	100.0	56.99553666799526	100.0	46.34856434173126	62.242869646484074	100.0	100.0	98.66144723948814	100.0	100.0	100.0	52.936888475485596	56.01504518606605	26.01773702988842	-1
4.492072332992281	27.558982577338085	10.609718925217228	6.385500911216856	6.798959718431048	6.91548256186109	8.313581956293016	5.7945982748015155	13.310198582012141	26.624005550549636	85.08326428313676	35.44031397434411	7.897084024864692	34.32998090923652	9.159405266090372	8.266103449252569	14.953742004174225	31.932798576911303	72.64236128923159	36.8931444698071	11.641626515007607	9.591620937858693	30.013876495606468	6.608534199226186	2.4783159764376808	1.0908483243736338	6.716175799888623	2.923807846001622	28.400001825279443	21.769322795617747	1.5300566881819717	16.705013487865067	31.861177387505705	5.2832002570114955	1.1231580321078183	4.5361336597355395	4.9843441101723585	15.906593050081991	13.486370072670736	16.82914035032165	9.255575804619808	6.903972419579923	5.294501106319267	2.988337357687636	2.7511602067181764	7.9571406694393145	57.86771701342288	100.0	73.82043622050965	96.15842532915194	20.09655926000994	21.196079996348036	54.557751713978334	93.13647512060486	100.0	95.99736786818865	77.80988207673225	17.3363916512322	93.01766639598307	38.87912965378755	18.65581622687147	-1
5.420753077831741	6.083781263273888	1.7932365912675705	3.818021074518524	0.9325393749570728	4.680181132865539	14.9744410807513	20.62147370682226	58.970842038938876	9.51724088990594	100.0	75.81398264681434	19.278774083762205	17.57888259249654	21.0179219627714	6.541324598104684	13.813124256889354	27.88175001895025	76.0104726728994	100.0	85.54503747681244	79.78434690995346	45.6782438567667	70.22641360318879	15.195461815061835	79.12563703376368	66.81590126477523	5.185631976680914	15.692210913762418	57.14957562556988	26.948218191519597	3.0507795063232224	0.9944096779929276	3.8819007178136142	23.078356802599746	13.043147826910143	2.6046513834275866	0.753493043494449	6.1977141491831755	10.739192202844517	13.31456972832288	25.27959892862303	9.963300371673949	5.9711780071636245	12.065478224263327	15.865454792886695	16.192740072064304	40.401390578234334	17.955627557862186	5.3876120247982735	10.582645653922727	29.630707631097145	45.87177577013295	28.26867126980483	40.2735509851053	49.32621123401654	29.424191605961145	36.54899634029654	20.08275086341115	9.935913388990933	3.0476446276303544	-1
100.0	9.047872647840608	38.9100553696506	32.23346589572393	20.78018924924711	31.856569945228973	87.95174809514641	100.0	100.0	100.0	56.95136643149482	20.26612552390872	12.90179243248795	42.42423052072171	100.0	40.84819592756619	2.3423954571165564	6.988293113495098	2.826797042781722	13.472164188775762	35.49145865504291	100.0	100.0	25.83876305297791	12.175267016225998	21.32222741810211	36.134600460926045	81.69836995395956	25.98534703682501	31.43134871225746	16.021243853910956	100.0	100.0	42.5397156810537	100.0	100.0	54.53795645421803	13.354223165841082	17.378911553489782	6.826464184071428	3.674320045337651	4.277159499605369	9.086683089690542	10.871263963714398	2.4813230781216924	14.109473088711164	7.044053777311916	2.753339989755287	4.708726394183709	4.941665204857909	5.407624731476468	2.352586891186401	6.704574611419408	67.82175841515539	48.70576025765315	77.58724883265837	93.91219911318859	47.66053631062714	15.53676183115188	3.5502992582750115	59.4387245870091	-1
51.674235983940626	20.676625214008425	59.59175251537712	24.71479837767037	3.54552470547509	7.471417012438637	11.11157839750538	8.550213121285465	9.40534770973827	37.901675818691025	49.80966518967121	87.14597875699961	31.196592061629428	12.087629449757227	28.043738933194465	57.96373646872245	19.842804384503687	34.744060781745254	86.8000324944183	100.0	100.0	40.23555620997826	38.8812658107626	100.0	100.0	68.69666527375469	51.390482316881325	93.12336380287078	23.406937139150028	12.311444798657	6.596247222426419	6.274891008286751	10.699164278570699	7.576651427738517	20.01208192635265	39.07257653617943	45.419416839304304	11.547527420075234	18.563228233862095	98.51559300423298	79.87243437235676	16.97152794748339	48.3389491051936	45.888851530252865	86.77688951915297	39.67590581957555	92.89744082019972	100.0	100.0	100.0	100.0	100.0	72.49842454577332	60.43699381662205	29.23593644716803	7.621119836535679	48.00873553340021	34.69359997254878	63.66853385078468	44.14511020305569	34.51367760771864	-1
80.52252661020124	100.0	36.57377549158009	50.315786252230914	28.481859900955563	9.988031292031206	39.012964196889754	27.866874423072097	9.781800722438012	43.24246537259446	4.926856274885267	4.465784162578918	10.618267686761774	5.50035804961484	3.523632540853717	6.003454232764935	25.591218613697343	12.736684291514788	67.88461703756538	100.0	100.0	21.079900041844684	43.57710886906402	16.724570177387488	6.473468225976884	13.458496215753012	5.961331668001309	5.610148148207389	12.806500356396786	9.669016504747008	1.8497037210391178	1.068342647432694	8.086926359048494	4.923131910958447	1.4225863001566614	1.0736405094563417	2.9182190166112285	1.8872419728883891	4.677353437979651	34.65225247445723	100.0	47.834090390707466	44.85884683150491	63.206409620331456	100.0	32.00416407891626	100.0	100.0	20.013710470845442	88.14681436550677	47.63109354020761	40.190327963503584	44.55123552450003	12.226536527358094	47.51703993728434	100.0	56.77308506387994	4.14128496228118	19.2799719693352	9.125013270514378	84.13313487313695	-1
57.5828461546466	48.62110207531079	36.212315561268184	68.29728420742852	100.0	21.694092939387026	20.20057016088186	10.712845188310522	26.958940244351886	27.441225336928373	9.203938243511292	7.104093538694945	8.663579217348378	21.73565897204454	56.93019131548219	88.59367242103465	16.598695274233553	18.927617959889467	18.88046178640084	11.638862033976915	12.745339087403094	16.19466107698785	9.300906296170645	10.359923491306407	31.0793119734565	30.48219563528723	12.962790999214299	63.19573802128356	39.40723627849579	17.54688943592161	27.481251605860333	11.242052630128406	48.88473713754945	23.36763525161331	16.583727310676284	100.0	9.91974540276482	21.95127643964364	76.41704388494837	10.50400129667963	5.332809009632162	2.0799156592005446	16.79070218260145	11.703517828833888	61.86114801337359	80.09815626956863	10.968819826020862	5.30317505998942	13.937001904540105	8.790521846726936	3.022707801216122	56.61692629468394	100.0	77.00272144447598	30.86822211922807	9.614731875069083	13.536014727191974	42.38473305280073	50.963961397779194	100.0	66.22533487452488	-1
9.645767268090419	1.3957647112126847	2.345272403036858	3.548679757964085	31.89786856485013	32.018427509380814	7.064035510083995	1.0952830854098028	0.40503101394321084	1.1461938792208999	22.337328794553724	14.546555954886191	84.04005403708769	100.0	100.0	36.89461673313495	46.78238608783714	79.00875991117911	32.12423652059456	7.268393903354994	31.408948088638507	78.68756650773884	19.234691267270403	32.426768991051205	65.53296000027055	78.27437704860951	100.0	52.97251436722242	15.04408613192812	1.7642676910833583	3.851037516865265	7.748782863182832	15.266687065483683	90.23375421741665	71.82499758334777	19.94310994026896	4.030335144155894	4.488097937335476	46.8925711763267	73.22515437031421	44.156288648431335	25.47267223904082	18.25193435945907	7.7604771680328195	34.014468855594195	3.8071344245009704	9.315619948472346	41.753045888933784	41.87303966598204	37.38275928981808	10.13777640782212	8.898108901203669	9.898273118471671	9.474412008096262	5.129582065771837	18.84187504499505	14.331561821495239	19.35445404967741	48.495861432137616	36.693036949900566	69.0271221586841	-1
9.330706751879893	6.5015580461120965	49.5892468987691	57.00638388058324	38.41397722146282	24.807610410639022	9.413186254938807	3.1255944610893467	18.34027967062072	20.8742647177352	37.48399964609673	45.63601719854537	100.0	100.0	100.0	39.97250685553285	38.14405795397492	42.652628631632595	37.418931497412956	100.0	100.0	100.0	36.21505313208407	23.58728197925305	4.663065061331931	0.988285287955182	25.371418971778755	23.557809522814026	69.45912179424289	100.0	72.03678119884087	98.16347846913959	29.38334847992568	30.290040161477805	20.695471053023194	13.089988259480876	6.395954841190417	36.40466253276276	18.935249194983022	3.6885846276196053	34.2797414027726	99.40016289378354	68.51056751027654	9.40747598846529	55.207567853916906	100.0	39.56007013600909	52.33123122887313	44.3384605040268	24.912836271735294	15.974546303394403	34.6932082299536	63.5355533948044	60.031524636155396	14.463493857701527	17.766969622175974	45.68561914026787	16.199716036532514	12.252004857777468	8.813837322512049	10.812228178885789	-1
19.576515125144205	23.580384915102318	8.33228925853499	12.162419485006394	4.429840514394257	1.2325226399455844	1.986195899253432	2.459908683718787	5.659820198810926	7.131831249966626	5.424066716530427	21.030280293265992	37.64182761501166	46.40710501928427	29.998028747212896	39.1342445949017	22.52498350713897	50.73540170164624	21.822955416463014	17.737952199719633	85.70698447621764	100.0	31.131687736453603	95.46811638824438	59.37266016030804	66.32060803074388	39.49741202662414	65.20081110046013	69.88609898518516	38.555719176291106	44.63729815277291	39.76927777332553	27.359336107566726	100.0	100.0	100.0	100.0	100.0	100.0	63.59352442452371	28.92527965344859	78.02449005395455	61.4774320861941	52.75791864011461	43.24745520569797	27.198190223753052	23.604186994877647	9.241259407247172	6.210154291181103	14.988712716903207	15.334810268016728	3.8860244623761653	10.336566610450754	10.260710144681022	7.37173326138472	2.1391783758853227	3.197758042230269	4.864626476144273	8.479434689049395	66.63056330474362	100.0	-1
100.0	35.6951852321739	11.922419055433116	22.794092006748006	11.985158337098152	8.786247066719413	12.773453828142063	14.658224021836421	27.81109627777798	26.84408529986023	13.006233206582914	5.712348545014946	33.264687590963625	32.286170931403255	79.45784931330627	40.97155041717752	19.067193057497562	13.269688579701501	34.922429046566016	22.79199110687169	18.882812006659424	7.082607944816411	4.375105287317369	7.184227821849017	7.497547752898979	2.712915020928908	1.0947942972525633	3.0378950997172773	26.523083427116326	14.68386654053426	3.886086935433039	3.5845206296687926	9.353969124988668	35.68271377532723	66.280806255932	85.68995556852381	100.0	100.0	100.0	31.319045122305702	33.789819442601605	42.64065813345075	32.12957305627266	20.490364799930973	15.319404845886364	5.281904233295674	12.829712663141041	20.494099572582343	71.58905199144196	84.11063153286094	39.0937267222337	13.814473729469137	21.280509586492734	10.971235460294047	3.4936420110207913	17.67999913802813	39.05921535741023	100.0	100.0	100.0	100.0	-1
25.05508165130221	31.556643865631827	34.42310959464478	80.19861222914918	23.158021536233203	22.497552028067002	10.564773559639054	24.24110426523215	13.368360896584992	48.51836392960215	23.28101053440182	32.270087876799565	35.754699164213875	50.54427254619736	85.0411014766297	82.11877231650897	21.829776958407212	28.494672678453846	63.93892293038118	100.0	52.83729852776183	32.688661198838325	30.42220486653075	33.98532413398654	20.065143823023323	9.22657075960212	6.217546098962137	4.469883629245235	2.8795401526625026	25.692654376965802	5.13325702416992	16.838039619964643	22.625418839365203	69.9966982469521	25.839902431635508	37.612864544970364	60.59306914905579	68.02336064165749	56.81667858987939	51.98849923962983	27.801057920276076	11.848884428763906	14.67288983308461	27.164711331583334	3.5843041505768336	5.041861224223817	7.954105924751896	19.066616166206703	16.508034538751925	13.8783295678049	6.443998570435224	19.330064346777224	26.51183730081687	20.74118378839033	62.65394711158931	56.11519236593201	16.981332239484797	13.954141139965529	22.471722862738044	24.182257887538483	56.80469385366143	-1
29.098493966999666	9.992482273001963	13.181273894427804	45.59197853196378	100.0	100.0	87.84256622152012	28.26888698407563	52.859062506246	29.890642075986367	19.218668368596383	26.15554292162927	6.927320774847031	37.78708365780781	69.0943314352028	85.23634112526801	17.645058724791237	100.0	24.25069195223873	10.087726361880934	5.893496239366676	5.571224173320554	11.85636971122574	6.323273753483675	23.019877945923735	38.529478366716724	15.894134562804966	10.453787264249764	4.801144161537744	12.632467674804456	20.48019044892528	17.78090667464696	19.218497570461953	17.243522901749806	48.747484071829085	14.623215158122179	21.58918068401531	12.26539419014631	100.0	100.0	100.0	69.48272831103473	79.96899905041867	100.0	100.0	100.0	100.0	100.0	100.0	99.81815637939921	31.82557842830178	9.776636953885202	7.788195036154545	7.281410511679672	6.515657322095697	38.60304880350761	100.0	100.0	100.0	61.61411222796069	14.15266970776959	-1
28.889331195839326	2.183033291668895	1.132854038341197	31.822756810047704	16.433319951674576	0.9912012046807	1.6510752093535195	5.612949015312295	11.16555222108372	4.627279574175223	8.711007805834079	8.421730774024194	10.948641182918486	10.35181899795726	2.6320208160627656	5.5975598987560815	4.698885123540268	8.706241492742677	28.969095435452925	3.0605105014673932	48.97499284363755	37.44581712170736	2.7995394644464975	1.35971765510776	0.59501208740834	11.231254873105746	15.735506809490317	6.94743181685607	18.9432722151077	36.30038163760776	28.064072831729497	21.58978057640308	10.146226548742531	29.289609457778145	100.0	77.75387946434708	100.0	17.093889079197087	11.286602154761196	24.453653068028174	10.184221867322998	7.131335042343708	20.504934903967797	5.171176018378954	1.7096556878030658	1.0749065368983821	1.1614600781571767	7.175961308177704	15.830220937316206	100.0	30.420982001075384	9.007523646401703	14.508022430857485	43.910861430897384	34.644940672702596	9.18421317869297	15.245076550756709	23.992113065361114	8.199331160664624	9.123760141297645	4.61414738493744	-1
11.781486660434163	4.789610147742585	3.2695774773646766	8.227887167767049	9.577611202963428	34.46462465526021	31.05433011831948	6.238392636581902	11.293311610633824	13.389130277778596	28.530298717456656	25.951429234484092	41.25169836356916	100.0	88.97007544895702	100.0	35.85249301264225	4.872052361414031	2.931015148930804	1.5112397449092503	4.86749366919848	4.594011428367496	0.537004775597448	0.5381782325773083	10.531886413620828	16.48619095956487	23.794296099057053	25.21553779290829	46.41699351677405	56.604363487372126	4.523693288232631	25.864945451324346	21.527828489161212	22.664126483695085	22.031785348405407	5.515294549482098	21.898102686971804	70.53081764193702	100.0	10.64088400357807	6.551918204065141	22.455660577419504	26.109469520343932	100.0	100.0	19.5288363800061	40.29634678455268	36.56116730176007	13.438696520373828	59.262824750263704	23.20178612527402	33.02473880693979	49.39951697488257	51.609762469275594	33.141314449968306	31.68839163460416	4.72606368581458	3.14653382334023	6.944772673089931	15.876098318491385	33.633081704364834	-1
13.009213531498068	16.715498395938383	29.678756690859256	8.115072850374542	25.072742420149144	10.453869227117838	16.859875038116922	25.485173301588336	3.4715274851834175	47.645590392381216	28.623880301006444	14.118641846491254	8.619272475150625	8.692567417535287	5.443761395930666	5.41649945206888	67.17200608659954	95.17094283073506	17.48864846797482	4.530381793178539	5.640214062255366	24.169807881960168	46.259023873761784	35.91435926122764	21.521047680381223	21.83276318749015	16.102182338872954	30.16252976843364	21.77811641208177	12.267329035760923	7.982872306351167	5.662877573059093	13.797258158221608	9.842290624935913	13.281673393145253	14.287616564699531	44.17474102461857	100.0	54.3848050188848	19.01905920293255	17.750677051091095	35.53423411867372	36.40331608030333	37.2514812657174	73.08078554498924	27.34455211125422	12.50149584036881	39.014256438312984	7.584422087791873	1.9363696795105267	2.442732718450604	2.2128661530647635	2.9017792394837234	2.8769637321327934	2.73576753212581	9.249457405148526	5.972153257683283	16.927477729303817	13.566639282387806	10.216566515388523	1.0543031846967312	-1
38.03317514426605	32.09605205513592	15.601671754114507	8.918945176393379	3.6328496011297724	8.99243962036653	25.62568342587912	23.766074452381257	4.746057181794547	7.076237032350021	13.232241244456983	12.268217869228243	19.478723470586672	100.0	30.15378323820659	30.400429982787834	85.75097650927944	100.0	40.12660944451416	47.03369900504504	19.205022955546486	8.654329302045047	18.04975212043466	76.19024906294521	28.374529270345516	76.06729164813714	88.06175074187277	13.830669474298203	3.143955084255293	16.751813071634075	12.197828085019172	1.7448923635511402	1.158557989628662	6.224486231378411	10.296808737959225	1.7835859853840945	8.008241602517524	74.13504914940431	22.470499312543765	100.0	81.1958251589891	100.0	34.83535497020724	8.27000833845963	3.6825581534964202	16.26911375305077	21.5308672440018	4.63491308039048	12.08653824682094	33.65133912791046	65.13441839510826	23.32747101178426	30.740313293555733	40.699773186202016	100.0	100.0	100.0	83.99771907237506	86.50821636911381	86.9954946918939	65.18817153051529	-1
8.024711791941655	3.4209851603635606	6.800986171618129	13.248616716672922	11.659647427471842	59.241797868164	100.0	100.0	100.0	7.661507621090405	5.051027170009039	13.37691181781079	67.86269290004587	40.11387296408738	23.30191255897303	38.228074829038654	17.049500904875014	9.929225380187571	9.652535037731568	3.3480624523816	4.194516844392272	38.068135429645594	8.447159910099833	8.359100474136948	11.276816101524696	18.477297097961657	43.524639687554696	35.0182692886618	50.80517163272528	49.482226101146324	39.75966369129107	14.15365726929989	11.920007823464761	72.46607916568091	66.47059213191346	13.282012020338884	10.584789403605262	17.296415513366462	25.14207190933831	20.137049945636512	14.556932999737088	30.146553379993787	45.16320005558563	74.4409963417	69.19531159181257	46.70780592547331	25.73310624746164	19.658013567834924	2.897005117907044	5.629799267609634	23.05724690133067	19.43609314817171	9.00882537118247	40.59033109054833	98.71934263415542	46.62524014509289	61.90031966185585	73.53231750648216	22.23397248214586	21.269449345876794	13.533829779057305	-1
1.4060324656606638	3.814505273789116	2.1281243271968586	3.491922957339893	7.536578965460815	31.2537658085806	30.63688060515457	19.244044730530295	4.39828884343395	4.1711296818757315	4.826174983979646	9.058276181436142	68.29968989557588	28.434710392666993	7.858330425317948	10.857719389212921	20.06155766522322	4.677608296972419	1.3033209964826193	2.4047112375977706	4.918564476512524	5.441236862741083	2.6002862580143007	7.756098479978885	13.032548751695794	10.840596950495136	16.24122268347502	5.174883421205939	2.220851318442086	2.2643504269965544	14.905902333671301	7.627614241292354	2.3477630040139696	22.665161905658664	29.141721641328765	16.04767941185719	10.88474953768822	18.9584467095267	19.96397279255784	46.661322813733484	32.042701706347756	18.929602516340687	67.06958724314666	35.042675872504766	47.175992297126605	74.019056833619	35.642460553842284	32.22772297821997	29.555901703099476	38.507267796043216	74.64886426087185	45.21783654446326	18.486621835678484	17.30687770197752	8.817061950048254	3.4294369656324	7.196774412730904	8.904822921432483	82.3695528759833	93.69769094946795	56.20923387943012	-1
24.913884195000733	41.157234643907294	69.85720158613563	92.53303723982376	31.407555331454237	24.657938195415102	10.438538388627272	7.258179778325366	24.387719541064953	21.149925773147707	8.827085248005615	2.3503161258926237	6.605182035333993	14.462475699299526	31.935147753589543	44.53377065312175	60.86884085567379	37.6690648744769	39.6369994023096	37.09668693233581	100.0	70.21763151643003	46.93001494839237	99.78486671689198	61.45499268225901	12.07795882782264	1.8788604229099664	23.34430974205797	30.443121117350806	17.580039518894957	10.200342397122716	13.027736820545108	15.61090730797511	31.34845304251077	39.924336294245556	34.959424593059595	34.86306546384755	69.03216347095395	100.0	43.21128666424461	9.39502269600238	9.139480290123124	9.687560246362976	7.251541980603073	7.018431642240224	8.543087402695113	19.596285165990853	27.388110442444102	53.74595430784664	39.32415266342676	23.805338204024835	18.279854488491246	23.600575599583035	75.55348701659106	58.044982789751344	57.63819179835844	100.0	100.0	100.0	61.0080716250203	36.79018083860902	-1
45.791179514765055	55.91122562946305	45.230473835634044	26.434519532220428	22.352341357316398	100.0	61.31042949807834	16.36694873697789	36.220832011520955	51.53783600401838	51.82024925960218	43.62121064153205	42.88738356750627	22.549823169577152	13.923220749380693	17.523737406224786	6.942730693106695	12.539409316677844	14.689892694186092	6.8657404562304984	2.2341992133383606	33.51371317186577	29.310375059087615	18.58647192709667	10.014476199676205	13.60042773212394	20.791170434514655	15.513460196208973	14.98741414298818	16.303864202204558	77.39907660303427	93.91937109468184	13.533629259288432	31.181218127925657	34.60926641629735	35.22986486458742	68.93599372684494	32.54443793893556	92.77516873713807	100.0	100.0	15.35983437783268	17.27319402906844	20.935167760977205	9.534397163750432	98.0315822974819	91.43749822561617	83.97665581754555	38.96456712715147	26.368538173610528	35.66641985970516	34.11020158389765	32.03008761204414	16.59107066220375	22.30397367973191	100.0	61.95765043551581	2.87904543033362	0.48870058078809525	8.055834854779079	52.88211360148156	-1
15.288307309654199	19.312389093453838	15.408152745480699	4.144272778022782	14.684911785164136	7.109276257310878	9.707400773119517	10.041087730801005	1.2030640172119091	0.42373369624312085	1.6273218074100195	16.230010007764523	16.936998124459613	30.253122372822688	26.01748209134624	21.604303276842735	19.65962978858457	5.111829114245796	22.18458563903238	26.184352755574103	54.39283693375434	100.0	100.0	100.0	25.191205530113145	7.899816118210029	46.48198980017968	53.53618942222174	35.53468399801905	57.52599517936786	52.78762093339506	71.24213077927455	29.223551076972463	18.37408300028913	28.03767626859735	12.019320460107693	13.999306127711371	10.338904196073427	5.491725954578427	2.7369566339949114	3.6711997900288904	4.832970952839676	11.020213452588324	66.98790133120701	8.50489328172279	11.232322068362594	17.054019325981447	35.43130886901779	78.81719540405287	40.21207055043255	28.22541770858342	13.26853297234058	13.832731277952444	100.0	43.92231937991248	79.68897458440438	53.49140175661017	10.067403449639574	14.9261882382308	20.162319822704536	13.763748662111537	-1
5.515259825800149	22.097682133930917	93.76792367376746	40.92658186694857	23.02086542857045	19.92985779728478	44.50008763000063	57.35352888558521	22.062990970017207	10.413436756268448	12.88401977651733	12.379037000622535	16.491376739001318	21.211133927335098	5.72448596243171	9.420235211777484	11.85206069783694	6.344390344122203	4.211968647625965	26.069869387053505	15.754522709434099	9.80181512198222	6.729690167561503	10.916426793115027	7.776853071419702	3.369721842164877	16.841759639765716	12.52552606973004	67.05334146896318	100.0	100.0	90.65161977146686	100.0	90.6380615061293	57.95370439172626	45.7746483945544	100.0	100.0	100.0	16.404166899878877	4.7070446278561136	6.494679984074943	8.411490817944859	13.315975960790313	17.03570475477332	22.586123307994836	10.650286345062637	7.912357720760395	8.401233687450404	7.199061959655822	3.2784431119941413	5.918015182321285	12.491527408736431	16.009814001755952	43.09054907092517	44.352756754266196	13.295590380186296	3.0359692774711564	11.401830061605883	3.7705892251259963	30.194171352833738	-1
78.96484281180018	41.779986171808524	49.215385942824966	100.0	23.509919714784086	31.252765995098414	18.58070117518251	12.169172888444862	38.57867090356934	64.56903176997476	67.09477929881076	26.824769913679393	100.0	30.082664730967778	100.0	29.342719946416146	9.528239365064335	1.9052285035868222	4.022111049031867	5.185744878376989	22.38163541716646	23.802910325087765	25.170995349365032	8.1462968340018	23.46127687771496	45.86354478411963	57.310828296070284	30.93445249236729	33.02579375858836	81.59205142140861	68.01546728645135	48.25222243025179	34.04547754283008	4.9845520198177615	13.574079198109603	27.943130730539544	9.717318529441952	4.124192677898255	44.52137786380871	26.24168605092878	31.95013146759807	58.1243886603089	65.89785401642283	35.57711541436326	22.79360982263987	31.369770048559655	10.366860149243225	19.91404056431874	39.27695859310601	100.0	100.0	8.696700996605994	25.42131923252809	43.5896498114262	46.2441206726077	87.85447500945759	100.0	89.55862455515864	81.13453692531027	80.63637272017627	67.96344180154706	-1
0.4900961624532753	7.043201512498797	25.577701470166573	39.837835243625605	9.420373885140895	28.65442973972793	56.06712036372208	100.0	100.0	92.88838727669221	50.23138995769445	100.0	17.057099392649953	38.87892395347494	85.99193006514399	80.66168726186368	85.74492871789563	13.465333302468665	36.73980750440832	11.715101468510786	14.532626575180002	12.067950349658924	25.45608764524369	24.892888406872054	41.47709864719167	86.9302784269741	9.49296748437104	62.09099030491491	46.219057435853045	39.494225571430476	4.7471318199446415	18.50654441638346	99.63134953591877	91.26564848156929	41.34073518068594	56.100984514248566	22.68675211313878	26.6813425871912	3.200009986320291	0.7171076146931094	4.099957585225342	8.22133012201065	5.595642194926003	61.90371570964814	100.0	56.337868195401484	15.54893007062071	17.912331936214645	21.48212885093722	12.30304723118776	29.200029564725753	100.0	33.529491182422966	15.932635876203374	17.884576893519696	27.35708647648219	28.06167785101729	10.23099019144203	35.654037054030695	78.3470953337417	52.82026500057688	-1
7.707135780228346	5.740687700885099	6.625477419181756	4.643305839676449	1.0455634975067591	3.161116237848873	2.0917508489804355	14.194923514781465	14.061780832163786	18.49612135560161	7.336030887337986	19.450703606050215	15.614928963492876	3.4218340065813546	7.842781604888754	53.45318145005068	26.62892372633345	9.12120670851032	2.467210669294974	4.480505791222781	6.893672910056022	4.175723707890397	4.09023370515138	3.727692424401138	3.017216366026471	6.195616338208255	6.612791272790101	0.45380776582162297	1.7312889905840627	5.562036332552097	5.5955020386165835	18.959006208233934	63.84591448353119	23.900945707800066	38.49341661001011	18.438078679341494	3.1913409539455233	25.334205468469822	10.074199321819941	5.370465619723978	4.100981578008898	1.5847359094460123	8.85232710160229	2.0992849956568027	15.865261398343145	18.800062679357417	71.28863859834988	100.0	32.654406805089614	31.00952307454252	41.435588808488	47.81676827164067	80.60532555389106	100.0	96.2593001851535	33.254345564244055	24.09575317370075	100.0	100.0	15.816930387209972	15.234904921813744	-1
36.27613080218491	75.51566070098055	100.0	87.59808100363432	97.41400179046907	100.0	30.750756773476613	34.51239551311417	60.76414622836114	68.5273285430409	28.117738310858986	28.41618243087227	15.659629246114484	100.0	74.22317871468933	11.100969021718239	8.89686710299254	6.29070553032497	55.95125757669609	91.40904409093824	100.0	66.36023933392758	32.704740515585335	21.616130260800347	17.38573251403215	8.518761924415335	3.6262779914592485	1.9862342306691179	14.87097041213223	32.608527972287064	5.822292306128086	9.11885184987031	1.251772743413487	2.733534230317794	29.725336626097036	28.527794426751974	4.501092377630413	3.656359764475064	2.57277207846914	3.0539618287833563	7.819824696181764	6.519341301143536	14.939566215690357	77.2398136837964	79.85659669980316	62.690578888161845	32.84693500388042	62.77604237553551	88.94482272614329	84.3982791403461	100.0	100.0	100.0	100.0	87.71441435955414	50.57432368304875	100.0	68.34693087795961	37.72053647133631	67.02214468979828	64.06117281576405	-1
6.693400745914343	51.85018313047122	16.811822701635396	4.991908774877617	61.797989541320916	29.9290862878668	16.58079431012834	24.974733564514516	16.33873027390874	34.40639721787617	6.221642981172267	12.288380636152805	32.72562787116969	5.280796011249285	2.151268314575544	4.424509489023356	12.557131751574488	12.136108714875782	2.6127971798159124	3.231882028393869	20.610973652040855	12.395230469070544	1.2462006810861228	5.128508845046517	6.571486253348907	4.545387334353351	5.926740846439322	14.112053174017907	12.533319288866418	8.766148410710896	15.4258938005194	9.183653984545542	14.863575909503115	22.083122576035365	23.354304663205415	24.221858347318538	16.585879956147537	3.9820556443715778	37.7326590153205	77.57184292689875	100.0	88.10244632523124	65.54306406072482	100.0	26.96759344257239	32.63403123378132	18.27814762424624	28.09134393284131	78.00951067257898	42.02878919558266	19.756835101679997	18.485216624161065	11.576073589331026	5.094884892908067	9.388910753670503	17.499186290415334	52.487638657979446	51.587386691234094	32.91096579168268	21.820299837766758	28.14129870205633	-1
