11.1499377408382	11.703907529757918	2.6006121205279804	4.236213727100244	6.18844412007204	1.9150117780352924	3.1865353891414174	8.402783903024678	63.28906592471394	28.480178932710317	10.845595956553357	58.28220552912543	52.12331421187259	28.25061361557249	4.669923165050531	2.214119658387418	3.924949811785544	9.59971743175036	9.335770058699342	12.07242822043829	11.585024053157117	2.6498031993453153	0.6829184665054727	1.4446273547484385	1.8573946513502855	4.216928845752362	12.909485199709446	17.367206287058586	3.3115048522896147	0.561401210575338	1.7513799238045922	20.12579549658898	8.326505622630428	1.7009514932856247	0.7862402161081937	0.1253565436869052	0.1230449910204248	0.21835249584174574	0.8284372333988088	0.6574509806039993	0.3440136490342352	0.7646120463141758	4.096807082820309	4.599868375070343	1.55042378015555	1.6192986582801774	3.2097731719165408	44.74873516452055	26.340439436566545	36.174767965464895	15.115824428716648	5.511554757016679	4.010037834738561	6.055670024731622	31.700238614778012	9.295150465117608	2.4580770577167623	3.0130775805635976	6.163993132590296	2.0580105420642716	0.8369871095806523	-1
7.993400932404752	49.11354234666074	24.981862160318094	4.871239220705591	10.360929961834382	7.619364944749871	7.436084241224134	1.26456338339087	1.5149793419428863	9.509084995650833	2.418638728629366	1.026383341398522	1.0768084356363576	0.5072300034065865	0.9568331554543836	1.2642360501173584	0.9397584900423348	0.7903273664703597	3.6704107155576167	2.042041333127035	6.270738541599983	25.729017333408883	13.80148576937702	3.9449558077199067	6.428285836035293	11.577356303466487	4.901327651496244	4.70915909523238	8.348225710626076	5.761327143069962	2.623979551934005	1.1827956116732763	1.6095316936716795	1.912615878109644	2.23123433584531	2.3046000247918417	2.0441564328126405	0.8287632696098512	1.3060605372741212	3.124693122710587	3.1690977741272643	15.800059248696614	8.438709460216147	1.7403967670975784	0.8753744401984932	2.217026940371212	2.651346680455286	26.56635874694866	21.3860955278196	3.9139415503383286	0.6802938249596473	6.797254241425145	32.669820045237785	5.405748008095396	8.016059110144136	22.97248008865128	16.002684447753214	21.76899900830087	16.53440993004407	2.7931596100242104	2.070648966667177	-1
10.13659107789673	8.498533992492208	3.7831107352539894	2.4417302236027907	3.9841173005994728	6.648986899120524	16.451843844477313	7.887331767790731	6.989660411304784	3.650026527142081	1.5241820740801486	19.19694818662818	36.72110113105286	4.884980973996331	2.3272686557238544	3.8287102144344476	16.156192929515356	5.129531719650211	9.573337852016529	23.0812776080891	50.46025940620197	38.47452055124012	61.03136551472546	61.823011048081426	100.0	37.13063078145742	37.491206938245625	51.90519797206756	10.932311444687945	5.414108297712768	4.361722588947129	1.5409377813168788	4.9457472719167646	2.721539943100656	16.661391730399565	22.521831988371567	12.93927251936709	8.857549696664867	32.098909343512844	80.30957195450024	22.970017455637798	10.984626515843912	10.415077512717307	2.311889124482391	5.8985472848470915	9.113103842974969	5.4647173623734435	6.3225917059078	4.0902138530663406	2.833381297619147	1.5736255655417526	3.4568315729094694	4.189283031661855	5.315559116336456	2.55397612438929	3.519203872276853	8.272022870386431	9.764090213418289	4.137457616644184	4.3247866373206145	37.00195626357744	-1
2.2737463778027913	2.892149825901792	14.550931580164239	30.037152458482367	61.479891065007585	67.23154846750694	32.93255525283137	53.664660521179705	11.982708291980169	13.021212459292236	16.44923109080755	5.619921086066052	7.00292837145317	16.608457519984224	7.090790556877243	3.8278666526933414	10.846815397530472	18.61195639210743	7.380613240152111	4.239193665187428	23.030204470610126	25.5796709131756	3.0322366497968267	9.679336447857475	11.631492061196765	12.144885499589197	36.482487762451	33.020913879432904	20.971959939769633	12.944873262080028	2.3424066226758278	0.10201098877189325	0.06786011232527114	0.10188793759197277	3.002731627296916	2.9610090677381673	1.6862745279434175	2.076518285104059	2.590936773888541	3.816444413182049	6.86503759329404	7.815533858165939	2.337276122624684	2.0906061122670674	1.6435438039535046	3.3663046705904245	3.1570611056055933	4.525952424305397	6.328312937939537	14.994557151789367	6.166976547828799	3.2146443310044632	6.25811520994407	12.351344850887074	6.90568350608618	5.239037211634455	25.124813936616178	12.459781187217978	3.185409322741574	1.4993731852181116	1.023767416873897	-1
4.565722237822946	18.72482871339872	4.640756492955095	0.7489054779171522	1.4197404375066511	19.815105230629243	31.63895288518892	2.774448984664386	3.792603274589769	2.3425489865184	10.29425111879925	14.43646664803519	10.45843482892337	10.589104646967694	8.022887623298079	2.61946581365063	2.5944326037853895	1.920625428343678	0.6075872852080495	0.513123099336335	0.7231255462990859	5.886861335207523	4.495461154688498	7.569584459534132	11.851614063491569	28.053218306234772	11.776557765699094	5.627587280411161	2.0332274601482068	4.197873807217755	5.571743523084563	9.355035448574627	4.151915579208017	6.428447904687452	4.263415809619346	33.32867796495945	35.774442404175126	2.1550692057980605	1.557726168228181	11.849542739662136	3.8084799500555064	3.5295425965814746	3.9183079312067344	5.9747170680309125	5.347456895238874	2.7052286548732947	3.0242024590436047	1.6621563343046484	4.5174367703526634	1.5436448847936128	1.7524211917116455	1.9010988629345147	1.2453450686355088	0.7694706258948004	13.303070996354876	37.087478887000145	8.746746873201591	2.1623852978630334	2.329357670854433	2.669501957932496	4.654993338195472	-1
16.50342573373664	18.3702054712827	17.5217118787294	11.682592700405513	1.1114401111428454	1.319649183015772	1.599403910601601	0.9078510774436213	1.4354401099845542	3.5348486087837876	0.6826460266275707	0.3697443579466175	0.6325987344236809	2.2766709338970608	4.516284151981086	39.62165123359928	35.868958308514664	27.945974037624822	2.8529052305766784	29.563603485674772	8.191551761474907	13.040464895110905	14.10375250269723	15.508764290652072	27.19840098193949	36.051229394754195	62.310634374400756	14.218382900133927	4.507449678014131	2.5579944184758427	6.939170220102872	9.571824234610881	3.605960797296696	2.6156110786640667	2.9877055028554422	8.583606681671318	12.512946074116163	6.616088159018635	10.86571751226167	8.237446694400107	9.433480038170355	10.954525476212435	7.075190713814477	11.229044320159323	5.400782039858939	2.2025469707897916	2.6538944807515694	4.397619777603145	2.3433865320822185	1.3789821129486424	13.571333920964774	47.587761393808854	30.425033282956235	13.512509705479525	2.5103275870777715	2.3805284960139828	8.768272220319657	1.8707439541859163	0.35330411515479376	0.4207147109595277	0.7131416867984711	-1
8.871659272641432	10.37716586238205	15.819499698548247	43.50597685945474	4.65224085631194	0.45575109506001593	2.5137088264816954	17.233524817405463	9.75849848776003	1.0671975527321946	1.4894609576178783	4.016271763443032	5.463822161145411	7.633974234192754	4.977578215713619	3.553126329844087	8.003346172671034	7.107021941432361	5.354788509741363	2.051456077023766	3.087647628092076	3.4866783373298036	1.9388265565660427	4.479106873973574	3.1493739999469486	5.816045535531501	3.1265629965544837	1.554140350872842	1.3961400422532326	0.5745594524755783	0.9510508508853689	6.720931132300367	6.665881454824356	7.9045567339459115	24.833870498511388	100.0	35.934630670593606	7.251303363059801	10.122062888095485	7.775644085567491	17.206212828895108	17.48025421682641	4.797856044757463	3.5030464800436647	9.515199829619228	11.675926707871339	3.293097600801663	3.1234033889307677	2.8860369767101224	1.8569166083706563	0.7560543841080178	2.9251613226281994	4.950411082844356	9.952533235593087	8.725456660971561	2.6557704530036235	1.159193809023762	4.731013045245708	11.759805188947256	40.51236977768437	24.288988069832644	-1
21.88061012983499	20.26902284516543	6.338735800990282	9.369302469711382	5.961462399695694	0.7202567124339818	0.9109560929734088	17.0230017782846	38.50758245147351	29.995583262152667	12.153189131667116	7.7262382324279315	5.3539034476041305	6.726335062918089	3.300746842666013	3.3380905612982104	1.3697207942694076	1.439005320383202	1.857938415149406	10.950938557461397	24.737778121667	60.51667237313995	27.303224774696695	20.430847273276257	7.176791079936092	0.7240510317204857	2.669288917810604	2.2839113951863674	10.580744512254997	2.030082065572298	1.4253028306141213	4.275999860525153	5.783520081251971	4.463489409300079	7.965491807064756	65.48490819139246	15.268850496543294	14.665112587095681	12.961200316601571	15.452177651382634	12.410181310934318	1.8272002135214351	5.9241936748361015	4.963580590281222	2.433957046716362	0.7268360274227911	6.094969254454414	8.407230083402867	2.017492735863088	2.0805867557582847	10.274791481939266	12.713844946768901	2.4478309178151267	0.7766204773030383	3.6746772560263095	0.3097431756844363	0.2430643807696392	0.1913950243805648	2.315502094893203	6.763297226957308	10.756864906958558	-1
8.074866539162572	10.701760037397296	46.24329621132274	53.13739076348138	34.48055860479902	17.474426592767095	2.631760837695084	1.577473569192371	4.943856355839601	4.652288211458431	6.802603510270759	10.210361192036684	3.522418214061697	13.012059705165743	4.590381897580743	0.6790956805911652	11.586717452976549	11.415888752839903	11.8178039378666	9.186821933456985	4.028693018831045	1.878477719797633	1.555490698419499	7.7686906063745855	32.28903835360753	7.789504728039413	8.779830115124946	3.3457819821199513	11.226074370140273	2.0682862722798334	37.575161892560686	19.335648322161624	1.6089777970765715	1.2430415930062786	2.970039748645176	0.9898832468010492	1.913378504784736	2.8479072860871426	9.321904833499358	5.308050760155987	3.701591061877527	2.104115032528532	3.475131695586513	8.689434658383663	6.982111121014019	12.983321964131166	3.9522496879812845	2.0842844601657693	3.4903840799180443	3.328790344632043	5.135183860042177	3.2855218117025937	2.4235944421310256	9.102293328321808	2.8538447423121265	10.719338623155043	19.47152317492991	19.935615259326614	2.4278147876989404	0.7792393994705857	2.2595938485573286	-1
25.232283988780267	100.0	17.50504339520824	9.888057344482759	8.992801635415509	2.8136677996521717	5.915688027027341	2.1162206974932993	13.886943340864043	19.204971220792896	9.471075748740125	4.639278016662526	8.09178200191728	24.17167543313337	30.799736823490715	12.474982498555807	1.9941796024809615	1.5235027850974787	1.0851975689690758	5.46250571544766	12.319952355856609	26.406629368894553	22.434886087917345	14.910787142952191	12.046797483288628	8.06171952843567	3.4716008890306513	2.977485449213626	2.9159374332114165	1.8463355073397443	3.23961343781777	1.5064695646176378	6.945668663187955	3.7530979482296454	6.795107083976936	12.581970614055226	8.785502992987114	25.83526460686122	8.103629208412887	9.246959875187299	2.7985417849619205	1.4629236133463037	2.283894913670438	4.860825481791699	11.935960759341723	9.436856602066069	2.8692098935692067	0.738976931647061	1.1403042987809173	1.8699238627505006	0.32075308484545867	0.07805864416877095	0.8685575154853148	5.687002695695104	6.569927430729633	5.8353652525067865	3.0341757739030144	1.1020545654097116	3.251221703183484	3.3131047287142734	2.0560212230246457	-1
34.981229081603516	2.906988027018739	4.73057364726986	2.9854539860428013	5.546457152987942	1.4150418697904823	4.611757949473025	0.6041580377521042	1.029888233418851	3.3406280801740054	0.5806715383965074	2.756928962915495	17.760763263631194	7.7611053601853355	2.4107502616932384	9.977344589008235	15.219763004744525	4.635729161790749	2.136122509290439	2.247474248886014	1.2473795137113572	1.0929145414152315	4.540587301175449	3.229190892255414	3.0327116996924492	3.876878511222976	1.2648987796482627	0.38787702352421216	0.34071679848543845	0.9988698131293843	2.7331925239001134	1.152728481791612	4.546055583467987	29.903487322444562	68.0748732614235	24.924334596962936	29.24773115855674	24.532378817832356	5.624545473518376	7.4876951664590194	23.92413902119107	7.713925085207114	7.766290633378365	11.52154075036145	1.704176123943708	0.9256418773702099	1.1013672454570833	1.788198194651657	4.875996303830996	3.8456642878916054	3.946922853990313	0.8090447291978556	1.9910312539762267	1.479304801427654	0.6213706905459712	1.074849663929865	6.040186645467403	9.64774421819823	1.957326993466262	2.246456127276913	1.0804260083789865	-1
68.12872270899628	81.3153303150115	5.553466445197965	19.892728472598307	20.33860189805427	100.0	100.0	77.86211995165402	9.696079207797943	8.308253065318258	6.749048099989697	4.692983964920866	11.095232279088249	16.37909707948085	7.294169332180567	5.0895668776331044	1.7071433038739894	1.9644516140133703	0.666393779060052	1.3347302915701031	3.619180842130096	45.78095177448385	13.817045988903367	4.141391003535966	3.67800825502218	1.8138370513668578	1.3936677089950171	2.315944095239028	2.6513768764740893	27.997137855511532	73.7927700949999	70.14879906005235	6.197841654748478	4.125310289052066	2.233396147946183	1.6303198390516194	2.2589629823154374	3.13864201875534	1.5638750455345425	5.702784698569176	4.611334098526445	2.1752327334359283	12.958625373631774	25.724675607685665	35.01689425835302	4.415040446113826	2.3436894912004904	6.273046841786601	5.166881746057133	12.355160283445997	2.9272650180126796	2.8477824875235767	5.3902755779436	2.5342293111317007	6.931291744307519	10.621160802924681	11.461892746474424	4.323884089018159	3.337563119867599	7.041940668914646	4.470855592235739	-1
0.5534729966618573	2.939732409058048	3.681332796332603	1.8751519331991866	2.4670837365061136	2.19079074315948	1.636683052120706	5.294711193952998	26.985120976690112	8.194263915671609	4.424284235101389	14.188261439039673	37.75626578790522	10.426268419332837	14.428527451497235	11.494207216022401	2.492817049545877	3.168543418423078	12.045012442280107	15.511457290695038	22.897484830050157	96.09757981381595	100.0	93.12153993399934	33.568430254241754	18.25031936037184	19.21699665686479	2.200591976666192	0.304249257375411	0.5466103189988739	0.8512924822658051	8.668626198049358	1.8312531610025724	0.5911613000972384	0.2173827891997085	0.8293277443495047	2.614450421412926	3.583501331755324	1.982704689455798	1.7501286042375812	15.244380039107961	17.3979958455072	4.484627412143224	1.7505953180267793	0.703058624476542	0.4743334181239871	0.6637212876283474	12.49519439572343	15.869521016537853	0.9209848826173085	4.4791594203753045	2.4306335598862	0.383955282244453	0.12386574472345158	0.17831698540763916	1.23502075633841	1.3117401644476727	1.509128613404765	1.505695264193479	2.1596576448367784	0.853656326416865	-1
11.65602281663121	12.485077981235717	62.18850726690504	10.859382933072759	47.48578755592858	46.2823887682052	23.374296443439526	28.54472889978406	9.826102111438077	2.3759372890047055	1.4900949360805344	2.9792552517419115	1.6131916746513095	1.5851617364388557	1.5321502568054828	7.269930207294151	19.748967336063416	15.239945289409466	1.4708319071855813	11.03439110058264	65.14123406069302	27.724783422394044	6.606197893051002	10.28080051604671	36.98342372066615	10.137248418429946	9.535541819518649	25.940720961041436	64.37161765579539	10.6916015568582	1.2120959662092439	0.6178861666927674	3.7544737336111353	3.529562497174993	5.048544663732208	7.534664558297968	2.1232140658217924	6.369269467193116	0.8886976928015439	1.2039045597930267	1.0085104383605394	2.161402454093925	0.6039897742913978	1.0934167370180958	2.0275725643006495	1.9022131140555019	12.77775215236898	26.643498613310793	56.346236405834446	44.57397339446919	17.27732650756516	4.875653802965034	19.042890415082088	85.21115617801541	95.3713931647531	9.672760858336048	1.2633080374984509	5.481328540296959	5.0857271780772	5.686920918978674	10.571808919975396	-1
98.00122417906121	73.39269381964033	9.448679627735128	11.122210683385902	15.270834181311026	23.396036350512393	5.857484747486843	1.7052934911894053	2.2649050578114807	0.6947462852782376	0.3866363870139228	1.7075062293806114	2.2380661076891575	1.308109065832762	6.682326235037664	3.6128488188114583	2.6030281876200076	1.9159672336321936	4.999953549205551	11.412239538272653	14.466252678485036	4.7892736576673665	1.3679044734617813	5.862813799822546	15.374523856518119	29.752778507174718	11.882116783377903	1.792331779398029	3.456711943015565	2.048313272570974	0.9386084186425244	0.1345091804408571	0.2500243400479775	2.7929278882492206	3.7393444289619584	2.24129595004041	1.487229021197024	0.48503523533044685	0.4172694288144709	2.1659051715741473	1.8848840644639004	1.0436815918785354	3.1381380684100604	22.272980800869796	15.871634967632748	29.634170819003728	11.14125896576364	2.705501619297121	1.873355740667153	17.41787285421539	12.644171788369754	13.228858887592136	8.645479987103458	8.708991275041335	3.842670704183993	3.097935074728937	6.301420243884999	7.033311013526494	4.408723731207875	0.881493123580081	1.1506759898555805	-1
20.607339358714363	22.999175590182105	10.276422240564859	4.317933114775025	5.968479284171556	17.24863472272345	10.226735771998658	23.999905873173507	8.825437207784692	4.7386609279145855	4.18156884553661	1.7026188604244425	2.05665142713428	1.7409421344785172	0.8439940280996775	1.87051350712772	2.4051199743362273	3.7659823802782153	2.13335941269136	8.147168707724886	12.197832004102354	2.314103703837312	7.611200239870064	1.7298580966601795	0.7643863499340559	1.193169732809427	1.3297508976560726	2.4821801926533906	1.2300303075826053	1.2119545520224517	1.0187595875885416	0.5787962860643916	0.689994142057412	1.8055022309397724	5.48982743505744	17.789121994288443	7.086520694986561	1.0232508322983267	2.4058878941406387	7.22858042369009	6.651374351480131	2.6713151301850613	10.912982970743716	13.099559535675242	2.3887907409683824	0.9861108045970087	1.5836144158546739	1.7134655733720547	5.006852314223404	1.0124477186010405	1.7423464945355653	0.7162455579222093	0.6524333827195804	3.764130085157676	3.3156841550465908	0.7558814231354081	2.614249154313994	3.0767356184371524	1.39815403186584	1.2488849566965143	1.0663517582061222	-1
3.9672299826592203	18.9769668318254	13.077602745002025	4.824479131078286	5.099506383038368	9.024011009289042	22.013379446766116	2.791725783139359	2.3576412915701828	0.4485335761120149	0.469376143546893	2.105366194715612	4.264373579901747	10.491542792712002	4.105001558538715	3.554126542955167	5.741916755740063	1.9200841943131515	7.917910064272019	8.809315096243754	23.9839961975153	9.808463659650084	43.43094211435071	15.60429256128296	18.015751327846964	4.702891164407099	8.608732492098678	8.521652269393993	3.8420303672211302	3.31166125540628	11.941251667301973	36.73569253201313	7.163003174655811	2.4333864886664385	5.395655941634578	2.33405725906607	0.6672845878966259	0.6540696563042162	3.4038858313003373	1.6316865673697958	0.7203190501747412	2.8979354256506995	7.994487470148453	11.8028854831693	4.102675993087011	2.086234720643383	3.5193663964026434	4.0438401132251975	2.0582509367101722	5.340286462048408	5.662240940683757	4.6727027128896985	1.4174086565486863	1.2002006947158477	0.7293905724318093	0.9589835133482743	0.8805690178338013	0.7329652640215525	3.208254393412117	4.773168006812738	1.590190649265409	-1
13.77722164025947	36.03931134992425	33.17170026021854	22.210400894556873	20.511368849491877	14.130447870664508	1.3396866548538549	2.0438530934109753	0.28912673418921886	0.732528528791379	5.679931118739685	18.49794677659917	16.6301581551597	13.39094807339835	7.189131803644911	3.6212066540174237	8.597130062865176	4.20513012657225	2.46950915760716	4.041873342261683	2.1970759008251584	2.909554204564574	1.610886725332138	0.5356508424189633	1.197984068466085	3.8002406997347826	40.63192798972774	15.328988727355695	2.128258272819109	23.19987723204786	13.933727006800677	1.942966656164452	1.9999410754425548	1.6679293949503347	0.8072578798991378	3.30577068782939	6.810689700385619	3.865342298270922	80.34720114900334	100.0	18.97039341920526	10.815452199033134	5.4430440974862115	7.794753777684361	8.198972435099924	7.723741537547425	3.778471593254386	2.720301378599771	3.1598718531340295	2.6194688101816794	0.4268007209732452	0.7869301858950658	0.9569119333551648	1.8035467365702558	3.460108125839865	4.6240902877631775	3.6490842052551407	2.6646479258501987	6.624419437561481	3.1160466249499446	2.1859573172916593	-1
2.945593362817374	6.995477105081797	9.287639549003064	1.5171586717900272	0.5636586269286401	1.0968779883274666	0.8797164355132914	10.70709557765848	100.0	18.502235177574914	20.477576066381356	61.09595459157393	10.732597178003314	2.0466053146948613	1.2477775979760748	1.3884849020157337	1.6621473589484195	1.9468232490802866	2.295292701303093	21.32012711964488	42.22170990390068	11.284644525582983	4.233510999536261	5.13784989141409	7.862447647314525	12.741683504980193	6.218729555730122	3.8433435598365846	7.6078954922709245	7.158785197368585	1.447761272827901	0.7043921896217816	15.743328715480045	30.814460617316044	36.05787760109602	7.7338732507586805	2.502484181368717	0.831522796529983	1.3995880244562604	21.372870978210088	4.816291444439112	2.5470001078449376	0.984888883870743	0.6073782846796295	0.49675196989407405	0.3652663150859991	1.488623240683526	4.87802612503432	1.5670961572623336	14.26727141339849	10.295290711000254	4.42641400684419	5.314344698105369	4.145372787543713	2.6930852894095842	17.452196766630625	28.790462821817332	27.004702984011992	9.16277496709286	5.225904971071788	12.322109386894038	-1
14.29310195950082	10.776171273843449	20.309718807034773	12.62020593519976	7.6058864428698705	35.92613184642319	16.08008348792019	10.139335998866308	42.74450507171842	30.04213576330602	0.7797211525550948	0.7949395483355959	52.362500111503834	34.829138779757244	41.902416599076155	30.58032543781346	12.57653877750656	2.4905831798740956	2.2192251762939272	1.995664201727605	2.2610599362961428	4.009263432996198	7.770534999981171	33.523357577068786	32.85471119422029	11.349881686552205	9.199622329986871	12.801840807758017	8.525626897684587	3.6677753699935027	4.13169230174915	0.5061564299554793	3.4784442756580702	1.8206894640789038	2.8955034491455747	12.379725146023398	3.400667722131806	1.8388814028282734	3.4775704643847254	3.5379414993417857	0.9350697095167424	1.854246068429043	3.579053634193518	4.674116623363901	3.5692430601010185	2.882051180496777	8.005708314015019	17.21344730346666	11.087533165553468	3.263155775973353	1.0894416296890441	3.191517516590179	6.462827013081788	1.495311913722521	0.41992250365203654	0.17599299876246804	0.75582338030321	1.1783819819220722	0.6998210405925025	0.5210865437453424	0.8352233840295196	-1
2.7352601070786604	3.148555863055774	1.5498706203410002	0.5583116679904694	2.74440210995673	5.373036695315899	3.089466869297449	19.907705232211253	63.3313099697894	22.49390741591125	1.1911309703237087	0.5692076582911221	3.8545419727865733	35.24415900655341	6.302924700029137	3.7397421989396755	4.134735725926394	1.3788969789352428	1.4647657895833115	1.29585108677581	4.22833582978568	9.096226430494658	6.700790555051483	11.206057074923441	27.18554653299684	21.60136381328052	19.762825353220133	10.078886519798163	3.684179661620109	7.49036154185161	10.97530937377371	17.9430516202219	7.250726724169007	1.7029817418984412	3.422049565493169	10.866098900368078	3.5766294998941084	3.671492822576311	6.167187115480314	7.969069949652921	4.252199600387159	1.3702840155531784	2.6573236952517845	6.774498719791524	22.959903304611913	15.107743386211249	2.593830277435356	2.031045627018943	3.113400138197001	11.177272850712681	13.983718357446614	13.851355317206995	12.54849991289799	19.968014516501068	20.497651757089315	7.507927983687385	4.376392566737966	0.6153346055123371	1.3495187865887661	0.9314544140941362	2.187517814839913	-1
2.211869460398428	0.3360015707734437	1.4414839474742818	4.891766547221584	7.774690330071446	2.5122815695425214	8.861070558042503	5.432351021514459	9.07257803351919	5.494038165630542	1.5042329519374686	0.6919394081116941	2.4715584524842127	1.5934989442614407	0.6400223602585731	0.9991360632344609	2.457523062436268	2.424682795393492	6.636788824907753	6.636256569981428	4.3898325704879815	2.264447412859837	0.5553095509287135	0.35044671873917427	0.3295086052910689	4.18434733911644	4.887740231093692	0.968064948622885	0.8603287368432193	11.007045812153256	48.329477313142576	3.5037577480452997	0.7431054043651573	0.3039683623247192	0.901899968320536	2.0160549157459116	1.3428690983926495	2.9498461231378226	0.9404793511568741	0.9407045226531848	1.587800497854008	4.8979110716678065	6.431295721751197	1.456421278734631	1.3710331408748069	0.5878770227958421	19.104388879950662	9.112575158720356	7.214763220655201	5.023863296180973	11.855826699340353	2.0264165656072306	0.7578904907469355	0.660853493456811	0.7993462083600273	1.7955237593913176	1.6845523254581782	3.1273951165958467	3.7609600927880975	5.5125601790104914	7.510053005780552	-1
3.682725394269026	2.870991897389357	3.756991029832355	5.623993960682215	11.00399817721119	6.370265162288444	4.032611216278889	15.448725316185978	25.885390854633393	12.083720885280451	26.854573217798347	8.35091876906146	4.734439922609662	4.703405886854216	2.1210656367792575	1.6412474323452857	1.533995154533932	10.186776596097694	0.8219332978293217	0.6223154894766108	6.408297180861598	3.756385125985071	4.065367014327394	10.90813859988772	13.859034740106337	54.06759373855415	2.0964456403636156	0.3535677503294334	1.4765283639676479	1.782643807373239	7.572801515634914	7.402655256342072	8.80806656757563	18.51989580681806	12.700397698800591	8.79003204617985	48.048489961502085	47.55702544223	10.749605146890794	4.399311266292562	4.667274065803514	9.733820555767725	4.466523717595686	3.3092809572469806	1.1194542789131483	8.879477094616437	45.364115675897764	2.61946056972655	3.7509075036510584	1.998667684977141	1.337370546315412	1.718357868746399	1.4700781796079379	0.766532028004392	0.21421557393743137	0.14260772884548856	0.1172235336059623	0.8435773328422509	2.109921050339784	0.6875119627505863	11.371162203172126	-1
4.781226431729083	14.050924786689864	2.344768897856629	2.1487081294854704	1.4784816708406798	2.6244355468631295	19.45049506166076	4.359906904144976	3.890848280810773	7.990710637168582	38.00731093414849	35.03887631176668	2.9157089361073565	2.780473436052116	15.07278584027053	54.51519762430218	38.266448955198335	29.803773697308582	20.974814403310976	49.06060538033407	42.159057664036524	27.56704946535406	17.300182427695287	5.313308251191621	1.8502490526736866	1.1085445818354538	0.7384033615592769	1.5503014410376814	35.38165192484134	42.25400865150226	37.60756682102544	26.41330532552207	7.654078668225619	2.2804423293668026	23.834283919217008	24.345739096112684	40.33456979992371	4.509689996181655	3.7077005915173658	11.334764315978582	24.27903937391198	5.546287729157991	27.309120887119978	10.099024905567273	0.9699147771070912	1.1063524413450256	3.737024010250868	3.7142853911799625	0.8256841254048922	1.974223167328754	2.0298233810228554	0.7981205627498038	0.453954936025784	0.21744308708302354	2.8221595128796872	6.7364035053431905	1.536539473229915	1.3330979965049279	6.1189858492770295	6.1161587336750385	4.8703674600335605	-1
14.85731159426284	4.57410110561574	1.7881500014732445	4.52481959478512	50.059658759857555	37.169514663224184	43.477940795950865	37.11606905547939	57.80231517875756	32.24880220791636	18.655577329235737	33.31618132813258	23.477285694083402	33.01819425189671	40.37336459868081	9.013277467831278	46.31547832844978	20.632814602697543	22.759447884510998	4.524255890716132	3.5987468155561935	2.3961344071023736	2.6242165430310362	13.812836605477829	25.709288584963556	100.0	4.7113110418783855	9.128589779490854	14.484127546783656	6.997971888604005	1.7737896233561004	3.5185836153783026	5.127104031004261	7.352147934962324	14.46828501290823	8.9326738914979	0.768132587268666	0.37384335171250677	0.5598842723562453	0.2605589894080163	0.15950424720515272	0.3337860820990354	0.5915167723246113	3.8994620534126687	12.715509380454403	2.101350332276819	3.9436480200189683	2.140021021674036	11.800508362217084	13.63582892213026	7.458233429121679	11.746252873354287	7.844978468066174	63.93434706223066	34.73265445899946	22.858231531953482	8.46794692039529	17.645589374030266	7.380630472568002	29.76605338143851	38.23283704943046	-1
0.9941410080172097	2.8235442952430008	20.97849335217269	10.64396289525834	4.936364245782859	2.3726558717345494	11.901381135166355	1.2183983391902613	3.755831963201249	5.846797228362043	4.407229703879882	1.0863116425702986	2.1696799340655457	6.661026500349902	5.039476596100736	1.4583446478537772	0.3446636605920735	1.6834040600202669	5.803335883641864	12.112096088003085	11.96007934590885	14.665472426501168	2.010608418561895	0.37001631451905426	0.40990281818549107	0.46707374498315823	0.5674325060256371	18.87901794850675	3.10596983159183	72.3541408209437	21.578661991730478	2.6014198044048715	1.5265433105292148	0.8856966089211359	3.239073598704502	7.29167631623824	5.522275588327981	1.7593750041141545	1.2505196989553884	1.3429415439993428	0.7879437968183771	1.7093158844118375	2.175299978417372	3.993945743605876	3.705715300625321	21.117284735579272	22.432526733385618	4.271827408453403	25.195754932802537	81.65674894590963	26.678817385679686	13.800077886638489	32.14283904938048	18.549685609263825	4.8680340157049695	9.156430320215932	9.666189729806637	47.24116304170122	5.511470977029947	4.482108945052724	35.6265455957207	-1
12.028231687219746	29.643700884553787	34.1461309782194	8.247054652255843	1.6730307339283736	2.8659588475331943	6.983383320002252	14.871634301678965	25.220632954715196	15.6804999679292	1.3305497590738578	0.44061816602096576	1.0152266989228809	3.6905529657160723	5.829694794816254	4.831642799387488	1.7883398403705113	2.8472406807370305	3.731611042866212	3.220548814774342	8.844671926134406	2.9038370958177873	0.404593352435547	0.21206763828974473	0.7491536251937634	2.3233323099007737	3.701990957385759	9.286432255722856	20.891929182265105	4.246115732735494	9.07836408649232	11.393004645228352	6.066074656251182	1.1141921603310694	2.356348676203872	8.701080739392731	4.090687341812028	5.874293040660201	5.472983259208289	21.87705440238029	5.69166762643255	2.198333769495581	1.786019750234497	14.201436911964457	39.24158718740506	33.38133605625353	9.423857841309026	2.0943755718190933	3.3923992608406417	2.6835955636922866	1.9004517735662723	0.7000999743051545	1.016964919477418	1.6417666505575124	1.2351664406177512	0.8649957745610968	5.881755466650104	5.940803913971728	1.8076519941839133	0.7481611857253124	1.0230530444710622	-1
35.37394936531828	15.117183447799958	7.070380007740003	5.233186267798117	11.177651660759986	31.16963347266809	25.737251151079423	6.741847760603905	2.024781315067808	1.029460074658581	0.6332404476205963	0.22012388195035737	3.1409339578813564	6.009041457328683	25.184522588785093	13.303657982703657	9.759567491690449	1.1216085050805136	0.6718083401191274	2.2035430060741894	6.985567343783976	1.7491751314632031	0.9131843058407335	1.2200732414094075	17.173538075694434	16.631688889970746	0.28512595316110867	0.6546864666164869	17.773961991937245	48.44759304466483	9.830690186300826	3.172574033969105	1.2860846907729366	1.3192312431422948	2.482516140102091	4.077444668800715	4.024760514115273	5.422931619990996	6.530172164092554	6.1884698545820935	17.659615796871638	17.292668512542694	15.523113602221033	1.2063324698253828	0.6351124431797651	1.920361564620294	3.274175328402882	6.842755955123874	6.212929768058255	5.136018619416279	2.3304412293918926	1.3360296320204754	1.0690376109021733	0.8909366607342126	0.8839498481234864	1.7553504577837622	3.3064182133035667	1.2314213552582813	1.1059776292110115	0.45111924059728514	0.6010743646633729	-1
5.086116415617314	7.855617703828322	6.505821140698992	80.75554456509116	34.25934394784489	13.634578309546022	11.219387704060699	11.911628808933349	4.548320664231056	2.004840041216677	1.8249612358224159	2.294172718864658	12.752245387226328	31.955654697332324	2.4355461906620555	4.909017914618122	0.930724850802059	1.8860202227777318	7.674295429667866	20.1657623618673	5.317239464992242	0.4640283597291323	0.18789098305428492	1.8049074002086267	5.534355707905179	4.900488099533054	3.5905524733073984	1.5008590189044764	0.8919291139083378	0.6912012926127313	0.8023873084145502	1.5192862400979652	1.403893881698214	3.5820695087453847	18.53168875863294	18.03871961462079	7.089864747369059	3.6505143775425997	5.526503070436809	5.662601247199702	3.248753900494063	2.839972098220543	7.780562345632354	8.595993401533722	4.402466755966043	14.052835659374301	9.934131489470651	4.2438133446082515	15.049154647815017	53.45137548780989	49.772426019506355	24.439645841190437	4.097313843143612	0.912552610825382	0.34267035943877494	1.4552914310247327	13.720243743448362	10.515127693072618	4.294422242755474	3.2821657225714835	7.169780823929815	-1
22.686689149835082	8.153820368366137	4.676459340609331	4.627292445645513	3.3884447846903285	2.68889945702702	6.1192669446646555	12.770228652562055	44.70377092546011	15.363870532026082	11.442432996884255	13.289839088840107	12.732748561224335	9.358900462213477	9.87942242374225	14.947876234155373	4.90311491866508	1.675393148247673	3.1453561511534804	2.8292772926391945	2.4087046945063872	5.983492335276103	2.8849713146773714	2.3461140593633822	6.086911027793247	1.1001433418048376	1.0401405962186203	3.5875549444020907	1.5829466023475767	2.833382084941926	3.742272039321178	1.4569108643847652	3.790126790320098	5.744113748001973	8.940701291438783	3.5857392775997643	0.8386225920443204	2.5871265483609287	6.303043139916299	2.3162815202710334	5.110622372958363	3.531556533520747	0.752145140319531	8.923109592774985	10.58880471771716	7.947476223577561	13.202436297184093	8.985671763944907	6.226340849550665	3.187914484578449	11.13434413893447	3.0054996804571683	1.3469703656085754	0.4711131479976419	1.651367917471506	2.5506173464294513	5.2589364200030655	10.285409264527265	12.532578087662678	8.6401293831712	1.829845876935788	-1
7.827956444653497	2.444073846976332	1.9573325964322938	34.57526641070632	24.702972849540032	25.004518013334778	30.132361696876973	37.27362725421711	15.542272285099585	21.69423778208745	30.284623406163398	4.438832051149644	1.1680816196450843	3.0689748460671304	5.463832874447263	4.823593912250648	5.3156421898277415	5.846255783809787	3.2520789275369926	2.1319892343863702	7.107797645207075	1.3041894085092844	10.633795095102373	3.939787370881997	0.8317742008088006	0.794589636157027	3.5280014201734833	6.562316957485751	13.618033206646386	18.362945257419568	21.259812329109526	12.683374127596311	6.0162677302143415	0.7154877228925128	0.254214944406601	0.09537862234008747	9.203966240936845	7.34855125953904	26.620468585757003	33.605764705081505	6.545104231885329	40.85734653212422	11.402597034245844	2.4053726183928963	2.324004391214918	0.7040507245527521	0.29592838068069804	1.214859443501282	3.434791604738661	3.028983248155797	38.79579507425568	71.05170294287488	13.139778747425584	25.255736275741114	4.038429002956482	6.559494470310115	10.178859452164575	3.725770590224302	2.039524990686598	0.7873121459364263	1.15131723872451	-1
9.758295282742985	1.8835174835229405	1.7139460507335758	1.7832791266935004	3.0337704576549562	1.4579478749836619	1.2302297603797585	2.1716945832414085	0.9875911364480713	1.1212120711050173	1.9003515758594034	1.7229347565036002	4.284795999720325	5.278413419204344	0.9721400734980351	0.5832851526013085	0.5366149407761336	9.505351403256746	16.199925903474572	4.059401344872844	1.1426163496748623	1.2471129244617953	2.308919314661974	11.475098665554906	4.774964108606643	12.368938998258782	1.708495394034097	4.759609217663194	1.5728356192070678	3.766681615467996	2.0657436019599578	1.2002093496636275	4.178311634508872	13.392317745496028	7.115059272135222	7.54525140745137	12.504074267099089	5.742294959558021	2.038502651484407	2.4043543386228907	4.730059236141908	6.341181187714379	8.302411809949454	2.5430346823472583	1.3912029339304883	0.6482424443366342	0.7961602977499075	1.1150586249029295	10.489046473509696	16.733121702445597	1.8962902942654962	1.2871927334806494	10.371311824566877	4.379326339901914	0.8893159038119076	11.789083863500455	12.1497718659298	19.07198372569882	10.227101398174314	6.796869522668972	4.403112372165893	-1
24.364106139030348	23.34765274341249	3.8600502970490034	0.9252611681684786	4.465588009829797	6.047631609971676	9.835459757000043	16.494634860683448	47.69314304172218	11.25956506177161	21.4981422340256	14.24396951558754	8.135727494415004	6.532542244593972	8.081741302998566	19.525172917570952	12.61548013489328	3.5137927181639346	0.5751158342535161	1.4264337673176335	0.8178587062495292	1.2744635423481097	2.343992475183997	0.6327944335698225	2.1017893501293705	6.893521518140428	4.4883757363810926	1.036927888611613	0.4171758325913833	0.31174386799481596	0.3209069586849159	0.6419920978073633	0.9687016196536181	8.130155503944424	3.9779645831709245	4.7389429202951305	2.577319189988857	0.435717176434153	0.3322037300610396	4.635888093397098	4.646212005588356	3.2090771861964837	3.705719031746508	2.533652754578098	0.8906221746681247	3.081544654295321	32.245774213128705	44.14661194228996	7.105922299822759	10.063175524793781	32.550669946398564	12.069671288620532	3.9603758373159086	1.4418391744337171	0.7834385139903024	1.412237011431514	0.8673670036971954	0.7924067633347789	1.2942778358255487	1.0014396600705269	0.5670293765342681	-1
0.559584269331928	0.6501427713178117	3.540248465868887	6.9154784248312815	8.00737747919069	7.852986158721114	2.1108053389832655	12.130866390388361	12.091920803385378	16.35292021820603	16.395225133899892	10.420740503588924	5.823065240588304	5.105258702788443	1.6501386541776202	11.185014030905855	81.81256639701694	14.414823753728534	3.2515266113222125	8.392749557567127	23.627645745807314	23.418459502505005	7.2394354700463435	2.8383173808033915	4.542037472448775	2.4598726905894446	5.3809974235675835	3.3285331834466145	3.8191712791009578	0.3548302442159084	0.7263605794977946	4.22513882701793	18.58047807486887	18.406240353864355	27.220778878436544	48.53127813605513	31.220740462904402	9.274147902056866	8.118497537383835	1.9530051711255596	1.9397121863805293	1.041913144716099	1.4939875809249674	4.897036320632444	1.6999838961619682	1.619243490163022	1.0687857667868765	2.3181777779980397	1.9000406178151839	1.282139712313975	17.175915956069705	19.62818047625382	3.3351448985137813	1.2220180210217106	2.8923915109188423	6.483387800464794	1.9883821702279427	22.751775184278717	27.08865912801238	15.710164959943866	7.227002790322603	-1
21.387194575854938	37.30153111561491	4.778172331386842	2.248878214767021	1.1881451272390895	3.8412736920040804	6.251676119501673	9.52418824014132	13.83622449663106	65.36923571521	59.0901810415361	33.23600131424308	15.813851226728781	3.6996339242192473	4.807709253508967	33.196307428485746	25.33414427914491	4.520252006104145	5.828088399042947	1.3490346783601461	1.3507865372941645	2.388241054856047	4.084125103521814	5.262884258372906	4.165952400965239	3.1713005912379244	1.5568253858508045	8.183293085333233	2.575746096143953	0.5873164349423522	0.9836825704317798	1.6679923624454331	3.0470056956609612	0.41396219876608975	1.1845654708217903	14.704872397335654	26.894399077004227	1.5154311768173137	0.9817664567569722	0.715720018380902	0.4691488943594722	1.3377152478337115	6.622349427994741	10.590182280350016	24.02174098578692	9.879379407111012	2.22792853958388	2.2995767688874786	1.76242988026012	15.010692180413479	10.060265874104042	2.518743350347356	0.658306196833539	0.31621237353801923	0.34742888441265035	0.6737460139322163	0.4961424434367074	3.0474343890518973	2.814266701806599	3.59583466794932	5.266301170214429	-1
5.779764947265179	5.469061343250433	8.53703108048703	89.00267072925683	28.79151368102004	11.504260277772332	10.606232653705748	7.150413017350624	2.1755916105564173	2.2391943848878557	0.7382063464474417	0.5534155638953873	0.3083831727920064	1.1288937119858797	2.4245372832936596	2.6754669004882974	4.209974073163363	2.2790992580817613	13.583053943944746	28.878272484363603	31.199088934683427	42.01571338860875	78.0280204704633	42.07329654658699	35.552081943422586	10.913418443676392	8.950246510845247	6.623493118830537	3.918534011792229	2.33786781934159	3.6079498393159466	1.1605213986989793	1.5349042732310865	1.4703217005067306	1.140213712901388	1.3500933796776384	1.030960783237036	5.7813667046580965	3.4392019163005543	1.0086583364547579	0.7029830421117319	2.2466450489266694	4.585477421820891	2.9934221397816425	0.5346137004072019	0.46290578326165516	6.434433052704999	9.841452913571972	4.3869659489353	2.1559668011806443	6.672515944856352	6.062668299213458	2.932935612893871	2.3702420474058785	1.7519791122345199	4.724449758317888	14.133433570000944	9.481549684502713	1.700975972354855	1.9495891010980153	3.973769922559318	-1
3.327325129642715	11.216856645069521	6.511767429748163	53.34276867468257	77.14248034338011	9.887036470003615	3.3326161169629613	13.779257434223876	1.9801385489106442	7.2559018717521395	10.7365111441728	5.500925854805099	12.9506422012853	20.273011082512365	15.071929047394898	9.34203011023171	34.985582040664205	98.06311692435989	21.91684810943841	8.195695299626667	3.388148580787723	1.943270914418988	1.4881746996341487	4.42029968362087	3.2546059067891613	2.3196200367870956	8.630969383659332	19.760030116076827	5.101320365563872	18.199481419748558	17.745751119530617	67.97992630733016	20.698697864531326	11.124843350300837	7.33357617967836	7.802629985481363	7.328100705284432	14.501327339079449	61.754122587458355	73.87634117357047	7.266610337260015	0.9955304798754387	1.0288946013698876	0.7270294313953891	0.971001269950927	0.9914911252212927	2.83604323950258	12.629864996140228	6.543201588311426	3.3288208561135315	8.346123732142178	17.320399299899336	3.3452668908845213	0.9963304807506319	1.530882346164471	3.032142138561618	5.9293763987018915	4.603693994220146	4.6760317667443845	4.496027870051142	10.393342895243505	-1
10.44715849494504	6.102639984869189	3.540792272435305	4.181680566900367	2.6945935955529983	6.239246182965122	3.787895326364705	3.3140887081289336	12.697392755710888	46.62157373903424	16.793057111554035	79.22008712764092	21.50730152930483	32.551345834937216	28.936521546114687	23.232840738049124	1.8670807190075691	2.07409513573723	1.452531796999998	3.3438574235057583	3.9851835340112736	5.061980392344123	24.209657970165562	19.23119090376863	45.73450367483986	100.0	100.0	32.30041042446699	28.677461827923782	53.157503692527555	20.876512418714842	3.6009183898732946	1.2682327523123555	5.244428152042266	10.117962237468307	5.891906331471955	8.639005035468317	26.573462075298547	12.53359824253548	12.348872711184613	11.01918817743991	3.7953828436758856	0.7599002780744801	2.7207272387457335	21.066336466322966	3.4231780630831254	0.7925697078815496	0.47967119340402753	20.16971159642951	23.66919054595696	7.626065060376614	17.14724496501441	43.329566801357686	20.280855293258767	6.1065592774689215	1.8892572276275097	3.6636426086463745	10.193706339406248	4.831162295709641	1.8246236647435288	1.742570796654162	-1
5.8761291279249495	13.026080038364793	11.953475002319792	1.9919326175000056	3.889733573855461	3.899358027559124	7.558725699170718	8.510877406386017	14.067255698945699	7.080161584835561	5.1453051763101	9.117119516967502	4.652989964088186	9.830460322261567	15.102479616519535	7.201975066018542	4.577414657386479	3.2266122894552276	9.33793012278822	3.6480746129111266	4.80714565166601	28.820887585490258	16.368351992960704	21.669394695932766	5.774739524309678	100.0	26.16485706947931	9.198702005431132	6.815083493067853	6.313660210090925	26.05376690583472	7.6417373599527805	10.267251522620366	19.284898814450024	10.653534568833733	8.145573115925377	3.428018536751036	7.99310667754871	36.08991875786138	7.5638323525039795	2.477929764840853	4.509737490473578	18.181617222165077	8.577051727873874	1.2379460588708031	1.6569048734144403	23.345573525593508	36.57654460685805	84.17695538990071	30.703252358251458	10.587188422804752	4.742522634146483	29.071748879036374	20.469572797187883	3.8934660838306643	7.128621040463425	4.6859521781854205	2.0652636505199253	10.978541261826848	13.774045832255155	4.1071428460030015	-1
1.597345621922243	0.6531700947855723	1.0196308092302542	1.2401869633662197	9.493635631824807	28.299306072252406	6.775507584163153	5.003100286665465	9.455863917801516	3.8817124672490846	2.6046700445792323	26.459274044568296	28.387116380383326	11.156667491833712	4.524750848025138	1.6323075450486628	5.20124543689148	3.0650056029045527	2.748657124700264	1.159270434231853	1.3755249441277282	1.0561258022584807	4.649865953386289	9.649672240189197	2.4970807452706456	1.9277294997562482	3.1761474856288836	3.6650578483092002	4.534286463753586	2.5262090139885727	1.055702001341291	0.3988618734144003	0.5221379673700103	0.7897573239462075	0.8497345595858568	0.777857517281618	2.20544660493177	3.4869835384702066	3.334778333398848	2.7755119333357174	6.180125083564397	3.4358409315259153	3.1725892563537523	7.845399092392598	4.398689898017701	4.5166264318303	13.489546713022083	11.56625499869236	15.592557999521283	0.4828606073539172	1.4235834924689874	4.936024676930255	27.86453494951594	53.06993289613105	29.597191168247388	18.476240980373333	8.36821554640053	9.283019569422954	7.316598920693583	4.924121110022799	6.240098508819718	-1
100.0	100.0	100.0	20.963201537737604	37.522360307478365	4.461035011434765	3.446295427081738	1.1357619678887425	0.19172760304260078	0.43194707372241903	0.6483771760770998	2.4912623508633676	3.790377515190278	21.338764070351814	25.347559112754308	20.347897549922845	8.754906643708958	3.0817430926737397	1.2367894298590705	4.139726552935252	4.975849192395493	4.26696635145848	4.407993324338812	8.75115020112801	2.8732178054411874	1.94708756044568	1.159310752868751	3.619136730766784	1.4092426049599436	1.2229214231821195	2.1133144999335416	8.708809849208105	8.714680322193363	2.532477893044063	0.9918520405412957	11.53230893359973	4.257081631226994	7.168820402619039	35.05841953429688	28.336578612446655	7.902147249562695	1.1241554115379189	3.643100348687337	1.588602591510578	0.5625741519218388	1.5405088915577725	2.064179672344895	3.11152020760879	3.462998725633202	2.3300990184451256	3.1805484182282586	2.427597056617491	2.4463643781760767	1.891876304619496	10.786675351656003	15.32475531911774	13.51255144026425	5.341557401124976	3.0683571029342476	3.3934695157371615	3.5492035027617606	-1
21.108505993335797	1.6503893742329965	0.6980254721833432	1.5254278511217905	6.249925547572449	18.36923364926321	35.08696523417731	16.598889348756337	4.1985074619732945	40.199495476054764	25.106072116972925	13.049004901174447	15.52691691670301	3.354279895592314	1.4217136791050433	2.266761512723493	1.176466260852026	0.5765458952304747	11.6492442565232	3.4344919612508757	0.7745341704919639	0.5198477482984752	1.8920542006403485	1.889324791592737	3.3086860515502035	4.474291064669033	7.455210015773086	3.532184566794773	6.887140168932281	6.773376961646772	3.048536800783563	2.0362776358932546	5.128019191929974	8.376202699013845	7.283226245657948	5.075668113692326	8.014251277788066	2.2501296754497804	2.0650465682703536	1.7577369255236357	4.619827551588036	4.882779596942834	5.9992230361692815	10.127976408080093	4.16316352968361	1.231944473710911	0.46987840906061423	0.5517686774590645	0.7878549810755279	1.6978831435885153	11.671612423382687	20.78128015360852	28.913629568023655	21.49144464667255	18.709014714702768	15.760167389988217	6.821952329083086	21.02824668693306	16.038824426996666	3.8571214099723874	1.5980014425166107	-1
5.01496180923469	1.613768515941215	5.056646507685805	47.40040692566248	58.41698278260418	63.60310283857386	24.18026491233555	1.7214314012818526	11.997362755740165	3.6592259066032486	2.4504985211755597	5.876385760266863	35.628490612846775	10.65835936312383	0.3322273944818725	0.6257453863536713	1.3857937423090863	1.0905312935184048	0.8509430543342779	3.261180478831609	3.529566115472325	1.5927566858314115	1.1259795850765442	1.47585492351802	3.836707009050341	1.5491717053777814	4.2878525887291055	3.0889305052045355	4.643038181471496	2.9534641833255035	13.605569600895569	32.511233970388076	35.608315084722676	10.439068894190195	5.032866263109694	20.134707172014455	18.782474650906362	5.586879402850961	4.06981519969772	2.0421833197871324	21.95202829477243	7.0255402079791365	3.3819206269000732	2.8497354287539003	0.8567115279291257	0.7100248817888999	7.990909787253393	6.7446632385348675	16.247052714987923	31.090807259891907	8.749081630999102	2.396689493953023	1.1498443927691064	0.9223710668667894	2.9145570022264957	1.974228801032874	10.358977322315715	3.4530100647136623	5.881310470842079	5.687227280310837	5.48743994344474	-1
41.58399530305794	1.198394963510995	1.714599981137928	0.3878152382910977	2.114084617283236	16.684834459524463	3.7035012978387507	2.1020134410672724	0.5857606277101853	8.998710412284098	16.787851748829908	10.607289787692142	11.221699463974309	0.6394303014719067	4.201779610911629	51.237301217584864	6.02990599611324	12.998382812951197	4.35881689480377	1.296421719316997	6.5707662543487615	10.948929026008571	9.131350985744362	4.662348345004323	3.0677742110062627	7.936043250260484	8.754169005812761	0.8448060012425459	0.3317768648247666	0.33224668477745783	0.679600719936543	1.7867462977382966	1.0876299981713657	3.372425688781563	21.25079963108164	14.614700849203203	6.381386857373417	7.440673026196944	35.55289947207971	100.0	15.740858624347341	6.1311480340123055	4.801558019991952	7.02743296087906	3.3514880614598277	5.941852584058317	28.80686943075	45.4113035013121	8.180304572232396	1.0393541108854334	0.8110731602562328	1.592149448451563	13.691645009951596	34.41801151086384	7.276854616069746	15.256093010447255	2.239128604005053	2.425496766716948	2.3731589481168758	3.5570718884767505	15.77401607677422	-1
19.106023682887944	8.100190158838041	3.215971390138743	1.7170941567028748	7.070259766189091	6.454460603773989	1.3947882999445398	1.7065699133984489	0.835763244716147	3.8672938400257055	7.705755059284983	4.872812403659582	7.784174750978057	4.715679741284637	1.3276243688997063	3.6119465192099582	1.5485456421345372	1.7769101811800645	4.6403191512194555	15.592995385338828	6.163452773842297	0.6372540050872549	8.503149514412732	4.072502210383772	4.009034071308786	7.286747435986923	5.459600953268712	10.699829449933548	6.498050131430581	4.531337649280706	2.6044662693933485	2.0682637049871664	5.945728398065511	11.01278752036729	12.130460187952227	10.602889086606334	1.9839207367176757	0.7170014566815308	0.4382198111240204	0.2572696494417345	0.5254131349278804	6.8621840459504915	11.314616530660821	1.846656435339052	1.7844674378046874	14.667451639890109	7.252022071178941	10.571311937081365	15.969455803061049	53.25353049038757	37.72983798512373	5.427318797174245	3.8322571199430224	1.1648804445824112	1.2190186633690088	1.9471793922760354	8.89638815237993	11.303220537045185	10.410630241784167	2.623441872441382	5.735289666464373	-1
21.692254602209513	15.334084192625614	10.297054106455322	17.20830797417765	7.272868239811985	0.9723698871906721	1.4742859712872949	7.988808305738685	2.2626972922900594	1.08595444402291	1.189771526383113	2.1508571268907257	3.2224513105679593	15.660972284147292	41.58896107319605	19.40749100780235	6.111787445339528	4.990969547034461	5.1734338505493715	0.6316361982081478	1.1391517118625618	4.148356448962856	3.0944799356557318	1.7735235958707891	1.9443469057493965	5.815739805225122	12.57096465658312	10.096947688924063	8.372425179024486	24.66002108964037	12.55902294648871	22.062675798446488	44.41776173445307	18.821426835631097	2.3918592939238534	2.0882114414932142	14.046654754484956	16.809213352185505	4.685206230209866	3.929081961542659	3.533926958593347	3.971656097547691	9.260837019454334	3.6948798668181597	4.739560291722104	27.911924228680373	12.00111830561386	3.124316217650331	1.6060597623823298	8.959292699285342	4.728542308372437	13.099035419646714	24.137407272566467	3.500887124476067	4.492076544328746	7.617304219840319	2.5100082146837015	1.1563282666281212	1.080675349902135	2.682512461584132	1.0179970460179042	-1
7.538656643007104	7.079025354024688	7.262961560434653	3.953030741428264	7.57145768952865	7.3154820646928265	5.273368508932545	1.229276183836702	0.9478594074819809	2.3581556604322684	4.137449618252955	4.260669593111178	9.10662181615874	1.0417995736988612	0.3633065079172914	4.64431636356679	22.50115143352174	6.604867112416952	1.3866194757153134	3.9607688025619394	7.046845359191778	2.945262540081553	1.209546863243803	1.7762669456096811	1.7020931400844537	2.7435465165469544	0.7844644792875921	2.5048194759418743	1.6025613768946065	1.172300208395444	1.0646755912387256	1.289475991933202	0.9334630925690212	1.2822822784139154	1.866593841213982	2.1906101697656797	3.429476050943397	4.217747469362547	2.576532566956223	1.3017743347653101	1.3697349225695765	3.0515344578541774	4.000295080788468	4.374455006538261	7.7728616368055885	3.8297576887636455	2.3453380523203498	2.274464793064244	2.4707520320262173	7.775182773287422	13.311530096174748	10.666919657241365	6.621420605393625	2.729213330002199	2.0207260867501238	3.206360602800816	20.62704372625335	23.260433657982997	6.135478048438992	1.2363432212793963	1.0288558097842966	-1
7.530643251766251	3.5080272691623215	1.277959678743918	2.7066969042454736	1.0000963592478684	0.5398019304040962	3.534027445504616	7.8983990710821645	3.840125022819865	2.7531451561463096	2.2011111434198343	3.8380047511340205	11.360074363481166	3.3098854853436017	1.2772025074784878	2.261936193253292	0.5791100285943903	0.548312444915171	1.9950673788977926	36.11668444644281	17.877057812298403	1.0793817729815554	0.45822064734285556	0.10159932902642477	0.22652429373687757	2.179621071885145	1.012599663420189	0.47801275305303703	1.2444700182403161	3.828854945595818	18.897736729683512	6.212078470727369	6.172630048532202	3.1319763757958707	4.694192830761522	4.301975633511524	1.9011630295814974	0.7848174087438375	1.9125410370104248	4.87532572566967	25.71633307725953	20.06376775494867	6.394669022043323	12.774381158748293	15.54975786800953	23.202940790710844	9.758460920248831	2.0424097439400857	1.296040801259499	4.498956965506647	3.214898458216394	2.5286586825732438	0.7745988078841578	0.5396511954644777	0.4476028480374325	2.4709252864411386	1.0232512435252008	0.6985479074060106	1.2532513721922518	3.928452916443883	2.9973912664086515	-1
1.5779206690212153	9.280304546507702	37.48826508648089	13.55351882991191	67.92502371762838	46.58706854070989	35.138958976502934	9.12501982310408	4.034096902482224	15.784934209419035	22.40089748093768	5.53206648415655	0.8759470422557923	12.611387454780635	7.363087921487543	9.833484843979358	7.382959951107846	77.7256013552731	17.152947849621277	5.0866513631590085	2.151578391064846	5.537755842387516	1.632013116297208	1.8626468381979187	6.183748690567993	4.086384527412223	0.9727322877107272	3.9877688212542592	15.229582646570746	5.736295880481894	6.982048694026742	6.978830706917109	4.521871476877965	9.07929816696011	5.937970825239356	9.92237452612368	2.6467948606269	1.4286981253956317	3.9251983793137994	4.549992079584823	6.7834769526264695	12.876210734332586	1.5093680721163738	35.05078143387233	5.806346283488448	0.9970180553198543	0.9364708377339909	1.733759430597471	7.583022945083305	15.54132651168755	4.778012544790625	1.5864301267121395	3.080388226494213	1.7932248156591803	2.5525174603522744	3.224252845839149	2.4284373527860543	1.6924220152933387	1.0976691152606248	1.0896625464935508	6.28385709848985	-1
3.816386448522073	6.362929430552851	4.678863280638122	4.091650307882475	4.118198749709819	1.675992543162273	9.088625904400601	7.441749769718896	1.9162902904706949	0.2977791891062178	0.26534528587048656	5.196206479962317	30.54672925963717	7.689441457870374	1.8146295209671819	2.202154407484001	7.896883335013526	3.989884130529893	3.4173500193192408	4.370735698432673	2.810278938956426	2.874039197389422	2.5944608981794843	1.8409516237575818	1.6590583092540692	2.4155903963963827	13.927429471795294	16.327087574819537	7.656145571365406	0.965443304850092	4.054719450817865	1.523267201914013	1.4154751821574223	1.3582995768975106	1.089121436965444	3.1096359843724164	0.814813708136676	24.447526181018787	10.913118368742738	1.0255701920596263	0.6540241813950943	2.1393167160733264	1.8934923814099494	1.5178594444771563	2.2139755698501626	3.9532328208254865	2.6356975694875118	1.3845230375328477	3.7920874535021234	8.840920572994248	9.544441049572441	1.8518844601339535	1.7753857374053355	2.4445979529955273	0.41462253331133236	0.7624461793007871	0.5111816233743416	2.2790896567257253	23.921609255195506	12.671503288060705	10.883757626974736	-1
2.1388648258482434	1.1804434697228892	1.357854618854306	10.117134547523785	13.6660328397009	4.314891806664907	16.42220514894391	23.09122737667768	6.824484975507848	5.600001426989771	5.5373537110725914	19.343602635175124	27.709377028420693	15.29520452639081	5.410770073570456	0.7311678143434179	0.43936142912163545	3.707262053259005	0.6317169889330956	8.98106428719351	14.039108275674133	16.67586128747352	23.739596810185372	16.879470427067798	26.59734974287593	5.10259301692135	2.655190874531204	2.5088840539169475	11.48987397608736	3.370972102219638	2.1711585572379564	1.1078248099186936	0.758525156037559	1.7065955849716232	8.374466026878393	24.612814873024217	12.11214291341947	6.4299883429282385	11.409625336868068	7.143041706144383	2.755949436438485	1.1780317608768938	4.06497842573059	0.7515781559419431	2.5736290893272615	1.7871639862761675	9.658221486621747	6.453389356601101	4.091424941186429	4.085539383072386	2.9099145125893786	7.066468615951261	4.36850692989107	1.3925907800938038	2.2079769518800667	2.9985523771632976	2.358197009251247	12.972708007879234	10.774577327090249	3.3866396051542487	0.7799727207595546	-1
18.35326601316061	72.3608293897574	28.126743951617538	8.078900427731043	12.035187908998683	17.582078959808204	5.598803544526294	6.105345812914478	5.771826844055743	2.185561961134684	1.4769988486773196	4.478336588167945	2.5441471952175543	3.4953472139250312	5.017565988243376	3.792117739023539	6.8963129674428	2.5363110349275995	0.6585828604010432	1.1140175729968151	1.6071065492219647	1.3232010931436744	1.85822569343296	2.913724294147783	0.734133313311603	0.27984226758400005	0.5504575334823626	5.328622157422219	30.20888392576066	25.30373199535343	14.5841986860126	5.733986660616994	11.904384600668244	4.520333393786293	8.89414358665171	4.67645826084643	7.716520197573934	8.982409064861834	9.790497444367775	5.167096693963978	30.05021180543526	66.95264290891747	15.17776240373588	30.55834565822319	43.743219062896166	10.64099569161907	22.648678644897466	10.645625977599714	7.62487509398138	9.488764530522797	9.498788730977202	4.446199851788041	4.899914364905343	13.444453981377661	23.97647285281193	6.169264785710538	6.749820964803494	9.555993285952164	62.072666311461234	13.880357540525766	3.1380062098445536	-1
14.221491941346919	5.785802270098209	3.6125247823589697	7.077817883414303	19.267445673453764	13.283990204614245	0.6298662061675913	0.4025622306896301	2.1423510893655653	1.0732457081988305	1.6334667370223162	0.5348735747931326	0.6688900413013233	2.17521941775474	2.6474517126675603	4.668917776896632	18.002209693647483	38.42707283425314	34.46335101307602	9.32312825976188	2.586263718328908	0.6098576761719476	9.738390470655538	22.52864826711286	13.948667775863525	7.503911204217051	6.988903865534764	2.0911787554653385	0.9826927595713857	0.4685103164938504	0.22860299048504346	0.8987149624509919	2.62159389754641	3.5842310793266834	3.686788957091587	4.4198848861514515	8.466126537672118	23.589831330433835	29.867826280597114	26.766475524841752	9.720977335918535	2.1843601438711384	2.278345629778927	6.544090245144535	21.94743885512432	4.237472123345723	3.17058790873241	0.1712596153774828	0.3072218854302934	2.2104398629316386	9.853834241552725	1.2388978936807187	0.6994016476331999	1.432803329813494	1.0158110781738903	0.9369399935666777	2.3270136063009996	9.57623556827931	9.170923223150353	15.216786896616412	7.191471533195696	-1
21.3051695691151	1.7677748569284002	0.46618441268688365	2.5306107065601577	58.165586846025306	88.95401207415931	25.52545236923509	12.567419731130034	48.74050752185181	4.241853986745949	2.7709395121204854	1.4538693520549324	2.7599819183292413	2.1286049804958758	1.5687261409868458	1.4984237531033506	3.4375772110690175	3.380727666222008	1.8204564256199924	0.9179507308682696	1.8044007691750465	11.672794843999222	28.664817191339502	5.847076655814199	2.2146327696922423	2.3419935194870485	0.5767113123097916	1.2117233156191574	8.550704034870291	6.7917766889762	8.49896192897666	7.502782451205781	10.095209029629254	6.288824671828075	1.3548111938518546	2.0166861818589608	1.5360788273998136	1.8963427650083022	3.100114005625503	1.2761212987322008	0.799268320177582	1.5467276239631522	5.960346209792509	6.582651860246104	1.8875309123016186	0.6722041222381875	1.3392917850480057	1.3890287866587554	5.716168073419414	9.69403491497275	5.161403041256048	4.203490001908604	1.4229131451047266	3.401248271579495	100.0	52.19990547713123	5.6870649441363295	2.9137908090869	8.582720312023094	9.101851717542639	3.396259532366391	-1
13.632769662151652	8.973594850668958	1.6257621650063327	7.067128341665861	14.40479970060758	6.49259557461264	9.25997737939035	7.4671795060363575	2.8608442487538635	2.156892446953215	1.8846148302958639	0.15223318627892463	0.12288200669230463	0.48662725125785955	2.0346341358483464	3.189553604728094	0.33898410962368714	0.536642072672153	1.458825614624329	26.50346118298019	20.305447896874455	6.989478558032644	7.602368108996136	9.040749962726967	12.645854652137837	8.026012766018928	20.45222814676589	3.3174662379677375	0.6734856795229253	0.5462972291715827	2.2241241054557324	2.1667803955204645	12.568689127039045	6.9730101628712235	5.04649216013135	2.4438903191806975	0.4150969490405559	0.1188014504384967	0.5873751100143638	0.9587375955455859	0.8659045354334038	0.7308483409590808	0.7112437644344818	1.2849387132549945	4.725027906723036	7.872654632713976	19.79905355145014	8.387126483174907	6.476744133173222	10.581575674791086	7.447051185153933	2.5110517391140634	18.11017740645588	5.735636920538248	3.3244882510723084	3.985628827488867	5.290107969668177	7.890808725007224	6.293630852065123	5.567924419306767	6.832033053086534	-1
8.73455113442767	2.121246476207858	1.6712068418164485	7.960609614477079	9.812890712659376	15.871298750393393	1.6541625993339053	7.553851378589112	29.0409325764537	59.19896574517553	65.1503043739766	51.94130491964714	25.359753683308163	11.768033967915194	4.244291843437522	2.1422851529890523	5.8090509118443014	22.98998841989472	55.79821846909476	13.479851477438201	32.30373186189173	43.93271558041624	3.5502810998590033	9.965433211468135	29.391484933561603	25.59812042007479	25.63224575040627	4.084724101572024	12.933132922841738	70.84351075138257	7.333727795994175	3.1494851153163577	5.969230320743273	23.55036731449075	21.879910155797692	9.031997991441534	3.0517597285640052	5.32989956202994	7.390076164499309	4.901844771423787	5.620551103688033	16.0444198737648	3.3773316049420705	2.004140353951171	5.402139979685236	3.9857118352181953	3.1750838135520487	8.897142869683192	9.559801553779973	4.7295318108628	0.5448669482275409	0.20366902369300854	0.32807771333736324	0.8456390316183464	1.0722923782061426	2.9365550370312548	2.6730076728349603	1.396434882941294	1.832244460076737	3.700669261972613	2.495308607602169	-1
11.151595374927409	9.334646947605636	5.693384766668713	3.7775538253114607	27.72446684501973	25.81837082631192	3.8774649122177247	6.064655301484159	12.852432770287331	8.186711108945328	3.566130206024503	17.454695723524942	20.99173316498732	14.854949623998007	14.877344500828235	12.825803753285525	11.875577524488257	2.9125055579649364	5.807814129949851	11.907064178214897	3.5428320162604003	2.057439837018355	27.657601567903164	12.463168420438576	11.14535871366855	13.333106223548395	6.596219103738016	5.10933134605816	15.870649356817752	19.31759095230926	14.77049487919224	3.8257991839676513	3.275583438317181	2.7835779062909594	2.347463903519395	9.226049554553116	13.784402648662299	4.236249243126312	4.2438235034666425	6.668101481465934	4.974385430707817	8.912621702928524	27.476020693371765	13.074911372451842	4.303838637710551	2.4775414220185765	7.159964609594099	7.42327094993144	1.527480167457588	7.75933642817211	3.3925615941233183	2.045510289904026	9.400097561024914	11.794357634255332	0.9251069854906361	1.284266663236301	1.451797969219019	1.6488653269733151	5.084503819056498	2.260027676646674	0.8256708699660439	-1
27.026711162395454	13.81258279845994	10.091273751121788	2.5951191703396814	3.7677654973908763	3.1563529757451834	4.0201636999922155	9.756362404496004	4.470427324365397	3.44771149266026	5.63094913356954	9.528759291727235	6.410143696084529	5.713822302089636	10.447605556836198	1.4906979509213383	2.9214022870443737	15.668150051772887	14.016334366169694	7.20447724616752	100.0	13.728232495651739	38.89933891527136	12.606743671754858	10.611720389682695	4.842108896712118	4.674622890166346	5.3456825092567195	2.121798228079068	0.5544538226556212	0.4303737437997743	0.43554826208085473	22.595789141768194	46.50246454215807	3.0821159129762483	7.082592548457426	12.432243725565531	13.575485447622775	7.911521029515455	5.581216421375181	4.106111915465521	0.6492678713410432	1.1394739907572353	0.6953986320800591	0.997888422295668	1.5725751576406277	1.5151186639397214	4.418651060375803	3.599269713031338	1.3382204407608862	4.654397974910219	18.73359230321306	11.812800371500117	2.763551571050491	5.042429474375932	5.709506970461477	6.823571404838913	4.674617492684204	4.752507300751631	1.577661026565749	0.9444447755290645	-1
7.257989343640848	11.482603799710052	13.619106754091915	83.7136984667808	12.806322676857281	5.172262875288367	7.266479496245074	8.40240878438921	2.749814234511424	5.323864633748497	14.002782424049112	7.417344804911823	5.7592060008057455	16.403151814996733	34.30164373326104	12.189799510318645	1.1547813193998835	2.484746142772733	11.463401520239684	15.491191884385932	30.033274638333044	54.93404510452901	19.768379691837577	12.77331271624159	11.71474594342092	10.897799356855284	14.95750376525954	2.14820874268432	1.1340881932271287	1.907162888599744	2.194019921133828	0.7839702725690982	1.2411371087109722	1.6665310080317124	4.283919144553862	7.712301570668854	4.919259955173551	2.484400586661716	3.27657244990519	4.479859375373419	10.172130416556469	5.102431073535286	5.610566891236451	7.119505524549189	3.3615062370822018	5.880101484832615	2.4435225730014634	1.327453572977789	0.9450071442161999	10.090300975078963	10.071524512838874	9.590882645158088	5.1013750991629365	2.097448634743895	2.3322355767068403	9.76782482633608	1.8025015623164307	1.414157032118972	2.922395351639891	4.527987945402468	4.123326660266284	-1
1.2045482260453608	3.981281720557744	1.6303608413487745	12.106750918505874	43.17042908755435	25.474538567302602	13.325693863684148	2.3237933110612645	2.1682258701875834	3.621614844175957	2.216567380054826	3.8515440380255104	6.610879065482616	59.97325368241293	20.900380846877443	27.180292141932952	12.113422851264392	2.556802821460419	1.4882269726991522	12.109415518628726	12.023965910993985	1.0484002528085479	1.31844641313307	6.259155748901239	6.974440754696833	10.168484918375748	1.0654169223646581	2.1229400281393653	1.788260494377355	8.87102018733891	4.222856763112943	2.118003339638682	11.559921924141106	4.480075891881126	3.9106492357142817	4.919077163142296	7.708169946496304	10.800459719233523	52.83081686492352	21.05305717840674	18.7441730765545	5.3158153597186795	2.184754026578536	0.7934439402526072	0.29505816432283694	1.112778594196971	0.6198410160540345	1.2671333019822726	5.4452721914221405	14.325812163610005	8.933427280952756	31.619875548752063	6.080453967249452	5.093134996795259	6.080324157011707	7.579331614528005	7.0533086782799215	2.520862329232291	5.473366967562595	4.843660719605756	2.568611816490336	-1
5.435264499835713	5.07923808491019	10.69950951378331	6.212805938466417	1.8711807039897366	2.2081759101994614	3.380284005456173	5.744538716032751	3.797386898079409	1.6127211621270803	8.955328324384075	9.592828975412159	13.448718972543068	12.270904274833454	12.8401251704897	35.88569964007321	32.33401666222869	22.627093244756548	6.719197244922529	0.5927285224778804	3.0095468143146746	1.9566347944437557	1.7276131264943413	1.4183992182818317	1.9964817875663248	5.168715305139158	0.6237957239686694	5.571542286519599	31.772428081662863	3.086013549421783	1.6934759895899496	2.628672398500326	3.795476591285557	2.167507041951102	1.3014341501671984	0.6880565470691239	0.9644302883172843	1.2440318250609894	0.8087954706827265	0.7923821665138512	2.5038613139105426	3.1323832260487907	8.885027035356444	3.2559923623416833	1.0302041614989166	7.244091750009434	1.1260049463213189	0.35744678347280245	1.147125999272224	1.5344394096668776	1.0007543853578704	0.5874838414783914	23.47173444391806	23.23954254284113	13.519680902115477	1.9571825649766288	7.5907728237190035	2.4552410059674106	1.5112708904231191	1.658746244550516	2.9046280250396177	-1
2.212701924783297	5.217034017093551	5.230871593351001	9.16180601733682	10.328293012913882	6.3492399731534706	3.6672045202590353	6.354344383400629	7.634233805946561	4.7227242710769906	1.276234297060117	0.6329391583701874	0.2549419679249717	1.411108990686417	0.7406499250540209	1.135924661311776	1.1773594154943825	1.8275833795986416	18.227232389512636	100.0	100.0	45.630621933357595	100.0	30.99123394072833	27.5557961298729	30.225152347956218	17.5687957693278	14.390550242511974	7.867328222692824	16.88645335489475	9.858265350363805	4.53392110538463	1.2594868867624645	1.2566350929467962	0.4041860333317139	0.32238241406072254	0.5003395624914996	6.214769334866741	1.7462854392977845	2.598046188065871	5.700029215981847	1.9191618601770528	1.4227516213216342	4.896560639470481	6.492220372193462	6.032901911459018	5.027649933156406	1.5750270771232895	1.0978900252082222	0.773465406977392	5.050386925189155	9.294620237489944	17.899065718912208	16.554406831274814	3.5151630591792773	2.018344567939645	2.0004453999345446	0.9236604006885437	0.40880106886511886	0.569383129405124	0.8633832306364215	-1
3.7154924221841017	3.947445044924074	11.968479317874891	17.18752308718592	57.38247793964009	20.747922895897077	10.553716920159154	12.138015360199446	9.679147855911978	5.330705949131454	3.566534470617974	14.168162112237447	15.448625649474208	11.691196704294821	2.493866927884485	0.5670923577085927	1.6029225616227434	11.325130383397342	5.650176524999338	3.9155898104173468	5.158991176045399	12.931077309792355	3.0415390797391924	0.4907157255428943	1.3092323462698479	0.6945547764775557	2.838910139355014	6.674385292022329	12.206973413399654	14.116631179874712	16.1269971149677	2.7441629279680537	0.7927797881397919	2.252420857764242	86.58749033422565	93.82748745616048	27.249241580052452	15.050670501971853	7.093377900112957	15.043025308357489	17.404207446632476	8.289549954755886	2.6114638484981967	1.4203030273061055	1.4120257163727463	0.7037521917813543	2.142635289911641	1.6988573727587486	0.7332650878513665	0.8764679508636596	2.4397109787715068	3.351027567375142	18.86918934885329	18.08721357541566	5.266933997903192	4.024248611232493	3.917790102354315	3.8971218943303394	6.3675324737874615	3.8255479373774786	6.416485397859706	-1
6.747145376177928	4.043461689673834	7.772790452205597	5.633407039890623	2.639422740634587	2.7158343122508954	3.425190778190786	7.876547735437153	5.337080030947611	2.2955462264394666	0.7573590121789029	0.16883226451508845	0.09800603697535192	0.07762697107481754	1.8822571916872333	0.5787786217224605	0.8356551102069341	5.917061730191776	1.2455241842583011	3.0957304661881393	5.220379040986453	29.845804373446047	8.979735853685451	1.126898508009803	0.5741880631774603	2.980442806101153	2.6452229075836446	2.114810442910937	2.5944102662440303	10.937426271262797	6.678212672029808	4.463900480640305	2.2258477839411595	2.073396310859244	7.408954111477635	18.9046944910634	17.809294879377294	14.001553930033324	1.9846617725093834	2.07197070774791	1.3862105659827704	1.5601182988149205	0.5367621419566012	0.2673719443959555	0.7235450051590003	11.92195146936294	4.137272656334907	3.4564807254751715	0.6543949769973847	2.0207654762112077	7.385192198572676	3.7432613724028005	2.850521742603253	1.9330320772087286	4.2528953645323995	16.01895563195824	5.8248082944817	2.6695762591563947	2.1910388798071345	19.327841418397888	24.334008646799635	-1
53.44163920049874	46.12376272318826	23.79912148314414	5.442761469643917	2.7558697532226644	3.506652377579167	0.5143298658206555	0.9512823543528217	0.644943262044358	1.0140765776090226	8.620599233166526	3.1001723459559893	1.528913529992188	2.9254441167515712	3.4643297175753207	6.6135637628456	44.224282928597475	15.292710143469945	3.7358013253677704	5.778133881373883	11.797809016908198	17.19537184997871	14.72770486055749	5.876851702905017	6.414356149745774	9.639512533426894	2.5256277591983447	12.688954738354592	6.799408644298509	7.075143156169843	1.6957067769853982	1.4815809967485947	4.430439593863926	0.8350478107343721	1.1819196626412347	3.2520565932279615	5.420856128654747	11.087732716909317	1.664861006793324	1.4737269471387313	2.092564029367053	0.4710993063083945	0.1414311302664145	6.515596199197732	20.357742501308135	45.903957464501474	7.000567273453894	0.6451785468570583	0.546270743331354	0.6712374427500989	0.29111002508864975	0.6724620968447532	5.026287351255599	3.2778948785957027	14.432190360771308	6.605299966324851	1.4845545115122127	0.7837317319246604	0.6618524423561276	4.446466604073036	8.891873578303073	-1
10.070923786023219	35.88208703893112	30.30947031630615	17.581804411284324	9.867476854743499	0.830651987952295	3.749055185793814	7.720902710555201	2.0414638575199393	12.444746009819925	5.289362588268239	2.3586168309449644	2.3405905701428114	2.5892052237775633	3.7374816442703342	2.045774086347656	1.3601000816611717	0.5912085247427521	3.1871171755569643	7.029182542406297	0.2957831367389386	1.4521476142546548	8.048928318803036	1.2057674589675649	5.048661350454674	5.85145544221614	4.796702904676402	2.2643996025974777	7.657269512893867	26.51939100932617	32.93650301561048	18.878541803934368	6.400654246259077	4.902813490269501	10.330468482364351	32.60761634505413	5.214272955587645	0.7968980536210862	0.8339494382441324	6.608216495670727	8.128924891053916	10.353356336308652	9.395332944791365	14.440026466827852	2.0817027504532093	4.262244253319873	5.558993876280444	4.817497039670897	7.187171090995094	4.791425477010547	1.3448879865683574	0.6399939345734165	0.5021095421256896	2.3932080988074236	1.6475898378104445	5.419415897310532	1.5193460947353206	1.9709392088914606	5.554759279156473	1.0863233938027992	0.5454055385935855	-1
10.58315194248832	6.147072526830164	4.802678953267877	1.960267462570984	11.091413727883005	12.59748724220125	23.30051641068409	44.05584538636177	31.82000552577216	8.710784970529824	17.497230928896695	9.233480097643527	1.7392209006818098	0.878261107046339	2.0347138979076935	14.75714374036871	30.366324811014827	9.375559767572028	1.6497031626456267	2.5083497885791814	2.3730090735271148	0.7472043632097527	2.2113977965051044	5.925155358355856	1.2457257090543523	0.9058890421066675	1.4561800050697076	1.403066366058206	1.0502025179031207	2.3425406120226557	2.7634678738756717	2.9390917648663986	9.61522933516124	3.533317738699958	6.2020425261601435	4.245145301333779	10.57212290577115	34.290691521712425	11.4159376647208	2.3827888199202456	2.928999799629584	4.864737158914966	1.495197351464835	0.6501767081874072	3.1317708662001187	8.118524962875133	3.097713486305093	1.10973309935898	4.9116086265955845	2.550863374978896	2.7297731028052974	62.06727198207773	20.4686639438649	5.672470207213417	5.878010430400567	2.98075335907247	1.8268874020421975	1.7866716960688038	0.7642276722112981	2.041844353026651	1.537939556236654	-1
4.102366709598769	0.6781177276008361	1.6174440126380354	4.239429193302633	6.4094663389258955	1.7468655659679313	2.10029276025451	13.703163458590343	19.187944746777756	14.236366843122477	4.92330699123192	0.5964354061518172	2.326289557258881	0.9842720713335614	1.3181701970023674	4.074610042829654	1.1016608535174284	1.001111177205742	0.6713965600932749	1.2647127030617304	1.8385266397239395	2.679628076716288	5.999967652232428	39.01068103513279	22.33809430441174	13.278109869835188	8.99460859885858	10.32377318613549	4.6772141331462675	1.440061551655404	0.49325710843340753	0.7392823413612688	2.9887632559739576	8.748211836713597	8.749236444041166	2.4518430713325317	2.717514763874778	3.235376800317333	0.588005962253114	1.8515623526704201	2.67527405742128	5.866442023310075	4.303307763082282	1.2575623108542249	5.496022423039317	6.856180148541347	9.393775092845313	1.7959551308492396	1.0144973463772313	0.9353138440760845	0.9267435128434629	0.7263744342689318	0.8072794185945998	0.9491460509119001	1.0179486820898918	1.1851288402777975	1.8207132445822412	2.2095077454494985	4.302565837397945	2.1098479144145976	1.866782300442261	-1
4.708410830957725	5.26359008923743	3.343457035295396	2.6529624735172113	0.9439628606440775	0.19887249340373478	0.3459226906937374	0.3214913962299689	1.4057338105506965	10.240747837206262	4.80279643569899	3.1728751074796246	4.973104860690962	3.156941390888519	4.720706995780916	3.800003779011423	3.0305784535126126	26.90607902374142	4.934564921105128	7.308199395552885	2.670097920965354	6.15783274356368	1.945660798503737	1.9340290807119018	14.058214317254668	10.166285046760596	2.6906059068029973	0.9123969276106658	0.686318513178466	0.598347643463758	0.994648108648304	5.841833504586202	21.005464244061496	20.949683579299805	20.36610520994405	6.920635739396039	18.889551315652756	18.39379055997381	36.235827814316856	24.99381669049208	2.2205882246430475	1.482060851188345	5.77553931678721	2.593348629060513	1.2636549906338954	0.8218840039792636	4.133878308879135	3.0072227661111834	7.031471616198941	3.7106219035111083	24.233377387506128	57.00734659218988	100.0	13.945965628319618	3.801468098018591	3.579614881767463	2.5345887841579366	3.3319069143826128	3.3109922303275687	1.0540919245090998	19.22969974234389	-1
82.96776653904267	8.71153148270793	3.177665956467304	17.93006427446906	11.651095831188442	16.52440993237774	12.699843278029261	9.963907501719708	6.266010712349756	1.055066085232771	0.9273401977017005	2.4828188071088113	3.792868300775606	0.6072226667679558	0.3949622262988769	11.454520374883646	59.005231158237244	12.930687334713468	1.3983916257780162	1.7828690564383296	10.577341295110335	7.367931231179819	2.3917447349409535	2.552602946041884	4.140430692213448	2.637686520934664	1.2497477354896278	2.227611514591132	2.3633748512632664	1.8969737065628205	7.593608127144615	5.339543701674958	15.51017206275977	4.513206478243524	0.49703580668661784	0.2653128102463704	9.323161461316813	8.930177963938242	1.7554974095670788	1.1141858627217032	3.1130107247558243	1.9977990720513608	0.5725224084521987	0.9568502892932023	3.9922758174224735	10.944159133227304	23.012833492054522	15.864754895653439	2.2985437170196175	1.1239824451750107	3.011935829777953	2.357833996355304	0.9930635671271532	1.0075374288493828	1.104549162169051	3.322995495687793	4.48062351878882	6.030645391781176	6.85141750245018	3.1415205549997762	7.397144873611482	-1
6.467553035550984	2.462080407237952	2.367876157466945	1.5690997412057648	0.732797881551421	0.1839595422233292	0.1230156402918165	5.391808940301304	11.074991743343379	1.1815676406530062	2.2589404778032467	2.15228459875864	0.5576872649226614	0.6320381075401782	2.963500005128546	2.2669207605004367	4.848994037904927	8.238546020387147	2.671425113439382	2.048816351134465	9.389195867315491	4.531359879999084	16.953339417184687	56.301171051696	59.65626794134631	50.00506444851104	45.2659993017296	62.55929367716176	27.71808407581005	20.356949224456493	4.654087931222998	0.9630698510975368	0.49414839415137757	1.3854364216777295	4.64334776292314	4.933697237412381	1.5805992631239725	5.053974084976714	4.6358913150190935	5.398386961154645	9.350110361143978	22.51499416815261	2.9488697763027827	9.402230110848768	3.1541626239532325	5.627228368847516	3.333198903315395	1.9855487349609355	1.884734554429675	1.2473080772860672	1.4440101677628467	1.0115637066063718	0.3237314294487815	0.8197638500656976	3.6766102846004953	1.434539223205359	0.2674343758894944	0.19037507972570436	0.5968292490728845	1.39587685216263	1.2738151174333605	-1
1.0455949783300282	9.377435628444731	1.7892345482365781	1.3064144808040556	1.1198150203152701	5.689965461469504	35.34693850652591	42.957518631353416	4.105327880399143	7.687295329347078	12.684658738829704	7.911536023498545	1.3856224407878468	3.784702339891044	1.4527212103889733	5.864575478005766	15.349904769640656	16.57414892457932	1.2993079676045125	7.622722603258734	11.984724129413072	16.178211154652452	5.622978295884413	2.9463446597851344	5.744038827930558	2.774871646825844	3.5066190456351043	3.863749526014157	2.2444540424114234	34.76124846615008	21.3225581852019	2.9067135644775695	0.47149845160147563	0.4902882099560332	1.887351462403584	0.8375698253694566	1.1010010602430766	12.105377795492105	11.687241584565227	2.1749437947897836	4.116340848410887	1.7317064287785306	11.244244259852797	12.727220485089711	11.192864448645686	4.646330297701256	1.4319743931553353	7.421700155558373	6.724669420613567	2.211430763800793	2.0471369523566065	2.0930980318700225	0.9531515982264542	12.517883164186625	6.300537976818094	4.835752550195143	23.318850704630858	2.9524135418668416	1.2270021912922702	0.5620783380964257	2.7119890787760133	-1
9.358887150096429	3.260735603288033	1.9086243000692715	3.173595727497468	8.24737775543361	30.365758406009956	41.549014326665365	22.138028657609834	67.86799213626537	100.0	43.67903109030686	27.26790897860452	5.942168713035707	3.292833526161428	6.053599828572817	1.875630537577371	0.8427345384458332	2.743790293308479	4.387674454199066	4.979631077662868	5.119029886320001	10.365922451773729	5.11849509298227	3.1640238204350366	0.765230885822993	1.760931410611293	3.2374981076454667	4.878683630190485	1.7287805320580347	1.7711965020783047	1.377023886244142	2.2902486342648336	4.370483192952843	25.00578074549259	8.929885399691486	3.6664178402519783	1.2245883076088724	1.5480674226318933	1.1738498040700358	2.161402454093925	1.9257867845670278	0.798899996331729	0.7293059011350495	3.797041160602365	4.621862681488759	7.061347262379278	8.851860891286623	3.7576431038379288	0.2112504402898909	3.0342366154026505	2.2677027496824618	1.2764586544432592	1.1265507390864953	0.49147278858224763	1.6181453426481764	1.1338589059220476	3.34642569790346	4.765157440552584	5.392372067986955	1.202184177901116	2.8990784056932286	-1
23.824424660061137	20.3597257755685	0.9710760236227408	5.898022829090885	7.717537428835515	16.351550602793527	93.34153109834585	35.40386783090958	9.896216351191281	1.7738755761336982	14.071636533136552	32.54901227643408	19.075538565559295	3.7239438823241575	0.6344862848337063	2.0088414170030324	2.0435638597279375	5.283562759706017	6.554641296566135	1.8147469865780275	2.714996632327622	49.12197758058801	53.21169380431543	1.8141075102068813	2.6204847594117133	25.91116755329506	14.679462081644935	15.677414216716333	2.4506076765975435	2.0801272630199197	1.2954839093758828	11.65081389248564	16.16950321851897	10.454781536259222	5.855626199111826	8.629247609306612	4.27647145045788	5.768054293214049	6.251022208829909	2.564299131382127	1.337126213734777	0.93682905323528	0.40393709650268056	1.1190957897603915	2.4422009838780263	1.6562415604445604	1.2558548519907453	0.6310822982283383	0.5105315377151066	0.8771940934832896	0.5634728170880426	2.610049478439455	20.683952311615613	12.878795865744106	11.40697013741615	4.089833697333242	2.161070924453348	1.318227517269314	4.075905378379396	1.91232879288951	1.7793176317847335	-1
1.8478786864498105	0.578105641913135	4.145504921148304	22.889611342011523	7.126520274036114	3.653496886804423	0.7282878613247022	0.15992067279946992	0.6870987738396818	4.6620433573759135	25.928122755310046	16.84574763769017	42.7955005825702	20.090183392359197	2.3987342482091716	9.600261743402202	8.348126494817674	6.091147614738688	4.576211976007101	23.639098733838303	26.67656376499538	8.371496493516688	2.7774520128565805	4.0583967373716	1.976073450087601	15.827963223431489	11.455685429967156	2.706894238719542	4.5988628647931575	11.02570713120314	5.218786170222912	7.950599636419629	10.881763014018492	5.440833195395161	2.4366715765905123	3.7848951757442153	2.2080764296158075	1.9048503427754653	2.247671382390195	0.754634726565503	1.90918063218391	3.9885425615017707	2.6486465280634204	1.1677490294600075	0.9891231897896148	3.319467344144354	4.395099926796708	5.45272191859797	11.610996133047667	6.299590731636507	18.900211218812697	24.141739703624914	2.698026260253142	1.485993868246893	1.2420551253598129	0.8142696370407767	1.7112513406650196	1.324178133261264	1.5613706253524	2.617094740668195	7.531754249661016	-1
25.740216455948776	23.38383857625197	6.389216262644414	17.108061109342692	4.921877469068755	13.143828221731026	33.09282812447512	10.494773552624217	6.12906559828806	3.4307784631518263	2.495520727998046	1.8983458859931555	0.22873073598090043	0.3266634508805074	0.6808451567381373	1.795653988896394	3.8440441720780867	5.425625050465897	3.227913397862434	2.263969339089942	1.3824046918754962	0.3769644079554127	1.1009691655235407	0.6800780205046104	1.5069806368348446	1.580860572428595	3.2873533187834028	1.9289430965675192	0.6559456141610488	1.090270858349127	7.421747708683236	3.991927808536335	3.7125518844078096	5.754406935544615	10.32618855972079	1.9060418948469804	2.7406014509707335	0.8966840462642407	14.87476367872545	19.02310696497236	28.54894373562316	37.932525442594866	100.0	16.014203809146068	19.67823788473002	21.631742550539496	18.957343140610753	9.312666776311637	1.4250465612949368	1.0090487239182744	1.8452835926127091	3.3063192565059167	5.591872030460169	3.4551346797087903	3.3088580027542194	4.867068504950613	10.799454374565519	15.969626857362417	22.386029827370095	13.376476311524629	4.450770550403825	-1
9.073877410813452	9.39460070110636	0.9156120447084958	2.2843454356255015	2.446215889845097	0.9701712755506043	6.182928183649208	7.684526681404057	4.322262266771347	8.89487238704926	5.296857888372473	3.7074290671670393	2.5016968405652134	2.216761439197251	8.36752157228523	16.13239269867691	11.915696176325211	29.617798472286424	9.622142970564855	2.722727427800687	1.691063307198752	6.299795006390864	4.325683135052119	0.9563656943634884	9.57925199703358	19.43981940563127	6.949801104480428	3.1053248649007754	3.523590071101889	6.924812725347901	10.816167313186076	2.5700252345475145	1.5853552193497429	17.602628486809824	10.657428916710927	11.749312603263746	5.014460929176509	3.2066075048714198	7.0865711005448	18.16242850216495	15.234922889226794	10.450505511941941	4.109778628467747	0.9138017505421643	0.4240315885814625	0.806778474888626	12.075508810141569	50.506413903013446	13.321370121293201	12.050725924471452	35.569274911926236	5.9437670814925	5.94866171579804	4.202347000255087	13.982674152858007	2.543411122752424	0.9729504464806868	2.7630145420751346	3.7508323095603586	1.135784612159266	0.2645796190999785	-1
10.766785784325865	4.511664968295779	7.271331549552132	6.892675137861419	25.838038572531023	12.179338641771752	3.186937374339792	2.133659953679247	0.8395941849430528	1.7421511123332478	0.7037559087963908	0.3168391620628225	2.837004447430211	8.764617675742542	5.169224635557362	2.933937595079779	3.7095689440875543	2.837109247315853	1.3610705201262918	3.494599269060669	11.538822053625914	10.754204698809426	6.6012910490455585	3.443376229290936	2.2493236568659545	14.457202863633016	7.97510354758627	1.3125176136976793	1.343809372357825	2.3773846452028233	10.818351048357489	12.189634976180404	11.463914531190728	4.07520024005233	4.198424720199688	2.3029041220778637	7.749175111825886	13.130095119578785	14.314857550817846	6.782470073818835	9.716174049813707	9.077340258971892	19.43579089738125	11.454388415318213	4.236006723130997	4.686143542068864	5.618976142452759	3.67992009929465	2.9994574737508928	5.642553038117674	2.8668574515021246	1.2807010757998358	1.8268504627490747	0.6156936139113536	0.6326646672431121	1.6928476411194147	1.2682983470611742	6.18040021514526	4.7591910809972084	8.088796038579856	12.84786816031105	-1
18.505209093960357	3.726242331911597	1.3579312781051505	7.265346076202428	2.7399231128680053	2.1308403993037714	2.878993734159382	10.68771215172369	42.14096086247916	40.62958886155487	42.226729126394524	27.23443592654524	22.278981402830865	50.987793968322315	37.58778379777263	3.913440496367911	6.087252332219114	6.514122714081336	6.707209901531727	14.075534638383214	4.823733734816731	5.020366312959451	40.580639888200835	62.1046727593471	19.209337932331728	0.6963555009409681	1.2502833082423843	20.235574643803925	17.17628328883175	12.165181606500221	5.608124902447704	7.971394168530332	6.078373393960309	5.166646114413778	14.416334895335272	9.353917557424392	12.146605362624394	8.015211090360122	33.60633034991271	12.190755402336348	0.7237717426891438	3.107595556554517	15.308229786730394	36.997370613680886	6.448841424049986	31.235189076625733	8.889126832436519	4.614552124332001	1.5298545078794241	1.224452651704236	4.588835624254455	10.065506056570268	40.93040766003041	100.0	20.513296579703248	2.2986388723544398	1.3090734221527969	2.915025115981142	10.913568483051549	10.134841211926593	4.067761354213059	-1
5.81923587962064	1.768326261670364	3.0193141538126036	1.889836136351471	3.4658005304816784	14.583542683978882	2.175397852186886	5.347762253629769	6.020884615500865	2.524011818960692	5.254273712442991	6.751133195513661	2.4779124079128194	4.605197424135179	10.04150659799688	100.0	15.327613580210853	10.810674602140436	5.549093853013649	5.6160922561857	12.92055863900825	4.459916607358557	13.099694661426993	26.85205082232347	4.673620105131411	1.1929460175126638	0.7994960340526029	0.6483520370435281	0.7986247018078989	0.6977443394618857	3.8264340085843096	1.9710555175479505	0.9325817984431768	0.49349711584076394	0.40226227069192383	0.34454676873509077	0.4064232347276972	6.47951125986494	3.1194291068434645	0.6013024030905293	1.0640876562711612	1.9132017888547144	3.359611923356176	3.046624025751854	5.743880392414556	4.960905491979095	2.5033532037899833	2.640567069538851	1.620721858473799	1.0064694016736544	10.428472620098905	14.790345770569795	35.75144813820283	16.79744334648526	3.2185369380027105	6.458570942001012	15.13436538995053	31.600113170913726	5.873677770062876	1.986150027850196	2.1886278286257244	-1
