3.185170235587548	49.01155119285883	39.24665499488967	11.984665977333213	1.6936394867453297	17.834308037702957	30.478215016647177	7.97058825105951	45.628342112414224	95.78557184171196	100.0	77.44770977201493	20.15210621598232	2.6042714608072686	2.7782155326568154	1.7913525323787398	100.0	100.0	100.0	3.443244425643297	56.15049993795494	91.23312423783291	22.347349725333846	5.696273859076142	7.172494693685572	6.566259030071103	24.741222275167726	14.292981007751598	6.342759506115775	2.7047041839720154	38.609516985859614	18.33263941447423	80.40442881284267	22.38336132474825	3.7482537272131284	59.01922916283973	52.092515602744285	10.892886039832456	5.95363674000775	11.939290614234135	9.25417940594294	2.5153052486306855	2.84972041505157	7.0560802006190535	62.27942293378229	34.487378267583985	13.675885690764337	14.294017757384731	20.70983704142725	50.52311363510846	63.36724413800035	31.523859552848457	14.93876732452896	7.041455337391136	13.813437293482488	13.3851258515936	9.235765767182302	20.525549391215627	12.571327966320544	23.23498936956304	-1	-1
20.335805670695915	28.49085015439661	54.0108432038694	59.104140200875904	39.01129145599765	93.96232992352597	27.02694656834874	12.964320771299347	34.95863752583859	34.9007948404339	100.0	37.98495266972912	6.476889753041392	17.8189614608366	22.014436100264017	14.562210609281273	11.406030002267055	28.13126697581104	17.840233257931533	14.370267060730278	41.489819578524795	39.51956971086794	25.57139986748794	15.014876740148672	70.67351899628247	100.0	12.400463586693673	28.2061363380004	26.578557277288127	6.886306655254911	2.100322060337518	8.642319746270763	26.229062363068152	23.281952451516325	28.505163216781483	11.491317018313657	15.162050639487575	16.22922562443994	39.64471483461916	25.250813929504382	27.587902485380727	56.77148113456593	83.57023430111428	33.418198879060625	41.88708977296812	55.471675156895465	25.844262073305103	14.648890327880052	7.102119254462894	14.381598853864519	33.56966225705281	9.901801589165188	14.020513364550197	6.384220339605277	32.8507335386627	16.782680729316205	15.77487412341096	26.28746198757876	100.0	-1	-1	-1
41.722996925835346	18.428309749747864	11.005750917550392	15.379411716642409	11.924594831626894	17.4843728583911	32.27546015870542	8.330776541403415	6.2326227652192	2.408230939490086	12.515892257996116	7.620772646857515	8.723970163173771	46.02741254022061	25.063397387064217	30.770590807196115	37.32387244353197	76.60920322220461	97.93298588469197	63.16124182361467	69.47550542268728	100.0	100.0	55.44581683201203	100.0	100.0	100.0	48.24834586665084	42.05758438388436	63.21041701546976	100.0	100.0	77.39043467923516	91.53754681513732	96.97622759523003	100.0	35.25707595377812	33.713266928477516	100.0	100.0	100.0	77.01458136130084	24.587321235754633	100.0	55.01303605780092	29.822995648809123	4.807519184317936	26.19734433871601	91.0960737249278	100.0	51.25926091323505	100.0	100.0	71.26067069145995	70.3309955275935	100.0	100.0	100.0	38.76106956458361	-1	-1	-1
100.0	66.34983382542185	10.849892629002499	11.435618233995818	21.856505242980447	9.240747594538215	15.014538387514907	9.66822020231256	11.771346409555125	74.05350557955418	70.45522042577824	48.2628367031794	36.40425935461289	9.051611329421268	3.517735952205913	2.7280724798457814	23.72098663716701	27.401356090485656	18.262609585276955	12.955473225244955	14.591962749190705	14.040219152716523	7.816789852122428	11.701217992001084	25.882465058508455	61.22144428568237	11.531067153921219	18.801288343460932	19.544932342721708	12.170190402869022	9.582957927827096	8.659409416135018	10.4736980691946	28.369399725230267	51.8506336240426	27.619683270600607	18.77073275541374	33.20930275155225	30.824196197094057	23.146113378313807	6.694011526984587	13.985035402024694	13.525488861011269	8.097235734874811	22.24989893902362	15.259860668939634	8.246606936551787	6.6514214599172705	25.72302055695188	22.596999688420553	43.091457451659544	80.34768644090414	44.94979778433974	22.97280883629579	75.17947885102491	100.0	32.13964050802059	33.29989373758656	11.377100970587334	-1	-1	-1
5.2258019411891565	1.994657168478799	1.6892257627702965	0.9363434243827956	5.964235841991669	11.536458892440162	20.994982470805137	18.02574984909319	5.5800873921373935	7.818093599324101	18.992851448297895	72.99806214878012	24.97577699284382	7.097578856183654	20.46250159675624	59.40137055978401	26.849097646274174	26.13057989496347	12.243977932702125	14.107424655523172	50.70947141600822	76.4226763673603	14.22035076286593	14.123787208479246	39.16069037082008	100.0	40.19964074595613	29.033645072563207	76.17232379632448	34.739873764937606	52.912654990690505	96.54898444061554	10.990368361032345	22.58881784270877	8.815338102473397	30.11755608219416	100.0	100.0	100.0	100.0	52.20468285713779	4.433448284841565	8.61173339159018	10.672951925686954	5.554100210973132	3.381224187321416	12.232361716198456	33.509470739090844	16.493517341959237	13.31315531587513	9.310629757166623	15.169477429560809	6.834321624623133	5.795806124629407	8.4508599009459	7.587489663559462	8.50470352650597	38.20073807143612	16.44217556856097	47.660947050078036	-1	-1
47.20806491503118	39.12970166429022	49.178173733883874	80.55771072184258	37.28915186923302	49.90279847587325	47.29764894809985	12.450853200523074	34.09344130391363	49.30760560190149	29.159273925912352	44.8993354674968	38.63909292112795	24.16832698778061	2.535652720273141	3.9048111428721914	7.776132116105435	2.128468394397397	1.7228779351185164	60.10914810609308	16.829942312685034	7.056951590016296	6.9446496183444655	9.270211954463697	1.7099778269230612	15.110152225629669	100.0	100.0	25.686181445318244	15.363929228091573	18.70220777774413	8.230173450146806	4.992223750335327	2.235188739145549	15.978310489763317	83.14970886580498	100.0	100.0	85.47796415594397	33.785868945811906	73.10420775510961	42.03510423469701	26.346272010455237	43.0684738710993	100.0	84.81862484810395	100.0	81.67433654347735	7.880401649061999	13.660818140896492	15.1782553774886	15.046568994628938	26.44029559134205	30.998329107099426	8.798604396322073	24.06430238157195	59.830769750934465	100.0	80.40248685825776	-1	-1	-1
21.764310002051598	1.179461199103958	9.035879148108664	1.5168906438535015	2.0271663892104677	6.074481943653827	2.987588260738967	12.106395925814896	52.68940962464918	47.54382846936739	76.46559958435975	100.0	69.43328037747978	48.97804178109278	18.67839791349794	6.812946490274146	23.871402074333957	26.287224228697692	7.933425040321764	3.726040152294253	4.132752244541048	2.387248573198504	3.6715382624877453	9.811725578963209	23.539724676756734	23.92976064564726	19.303347570483783	21.659581394467953	5.380139125071779	12.937955870073795	22.058916462226893	71.00055554730167	100.0	32.499874330498876	51.05086820391886	26.858515538891645	41.92496210645945	58.66693730730725	27.85644815132218	28.85065669723927	37.41606262486644	31.11014253274497	25.027854421131007	3.821012060362344	3.186125804267811	2.745128995596524	1.2978907907294648	4.29074687666659	10.378730358372952	10.154556780325153	19.326387250309406	42.112571477785856	100.0	33.43235946263938	15.367848629592723	34.77873732362583	100.0	100.0	87.54288079441143	-1	-1	-1
8.63682152638314	34.612174462528024	57.842608132971186	77.52922445100289	77.09642246834663	100.0	100.0	51.96762423743726	51.903329155483725	100.0	100.0	74.65114248220985	28.51028123533723	57.61940352788566	100.0	100.0	71.3125159526151	35.18108499751818	13.880366026149067	8.538276088102398	41.4551241220832	35.46604931440415	33.175881052706636	9.378012094154561	40.476979988546255	100.0	93.19247457741942	64.15670534000486	94.72402397869203	49.40929472284347	87.18192502963711	100.0	14.185487931452913	42.05667243937424	83.92346359639765	100.0	100.0	39.8701847518533	100.0	100.0	100.0	47.995805192687136	30.576919595211777	53.067240200194064	97.22940008250579	58.3873150685196	24.81167071278139	4.216684998207353	39.91844499175625	38.30752011298244	6.593674002524196	13.299003865808327	25.360978233368247	15.218371416646285	12.640966714391004	18.074691250602857	10.031387285803156	7.709403387348205	69.22497178331378	-1	-1	-1
9.50447106630643	3.8444804249601154	9.817356708264047	7.275772851586771	22.722497993314903	63.65884376105212	30.065825114325946	3.073833409652123	6.098548858935732	15.500146796326732	38.487321771139214	38.036595345350214	52.71979050979464	44.7058512946468	10.524833470071648	25.76269151658943	54.44976578636348	54.45313722985575	82.28553272980665	100.0	100.0	100.0	60.71931097825835	100.0	32.100151076858864	100.0	100.0	48.47017247089886	44.55428114164072	92.88184159236843	33.27405833711263	17.02650149149639	21.062691953220774	46.580303209052225	29.737033956412336	23.155477341036008	4.626989972035585	8.733384112306245	6.735219213687302	3.4305296836410606	3.777859732352965	28.47784800130277	62.13811924832844	37.66446111525848	18.190039943574586	9.39777846093015	21.020184503010707	14.721607631200092	21.93369645776947	19.543138856565303	9.10676579381135	4.462797353111844	9.548713156443567	8.613473546577746	17.941537706409694	20.670002960501016	8.942073058743617	4.4076624812920935	6.166809637635674	21.9245115931842	-1	-1
100.0	65.35844831160897	19.637660301478157	47.96760232732741	14.21347904088123	6.1322150057254206	13.611060605962823	100.0	100.0	40.926573709834635	84.99967786514581	100.0	100.0	72.2178913725759	100.0	72.6002114692719	58.124217999184935	37.03307390175778	23.08426805060938	14.41772887925136	4.4528852869132445	3.4799708649290686	5.358080380956621	2.3245529788018695	1.123894221431936	0.7992618297162704	1.365217880923785	0.6713084546768883	0.542440578950251	0.3106866874037391	2.984672799480955	78.17356404248547	100.0	46.053149073368665	37.31939427442943	19.582152748193096	16.0507167567007	24.358381224545575	23.50755104251922	6.745651680294601	14.419031742613981	45.55684920807221	12.874723820434221	3.8641852704879778	27.723924146013253	24.481310461775063	9.353586531120774	20.183801558788065	10.048296880704065	7.642277381788465	12.983224227902307	36.395314050027956	15.841328444171301	1.6678793593614976	12.961802402309862	62.08976930231076	9.913574520682069	71.53292833251166	52.89602497737073	-1	-1	-1
42.803911193777466	55.488523997311944	42.535542390940954	58.06173569434827	22.83006656721498	17.81094528608271	70.81998451648462	51.258561771044825	38.64867075727737	88.33149158476587	100.0	82.20404587777166	68.13440876075	28.075040551147236	14.059839279243356	6.750721578086631	9.91035549743421	17.554191328262398	17.013778676186313	37.13658113573334	100.0	85.73107012947962	55.4955476795716	68.37299885971048	47.6277017967845	13.313010571266318	19.66506151175365	32.82462124499088	2.3070154298308276	4.4290619958754265	30.388289838802482	16.72232572533484	19.86738985123172	20.90469460919935	4.044301347058699	9.528055964700956	34.127222956781	7.454444166891174	3.24917713815374	26.06157775820926	17.881921714614524	5.5859331103996555	4.210881819000772	10.1356890257773	23.591161747684318	37.909164712424555	22.95817367422747	12.011997185779967	16.83808737057121	64.0839743653484	10.485129527340433	8.303426892734915	16.621468245174814	9.075287920624532	10.682173108981349	16.90004163369051	35.26925674172289	3.957694796517676	4.870516992713229	-1	-1	-1
52.21475671929846	7.022384933041915	7.642556206695325	8.825608903173693	16.368131409393836	9.031114130780749	66.40259820165672	22.79568785057375	62.829990910331574	69.67124690359663	55.273203435255866	93.25579485741115	54.73202993629956	22.356511022071047	15.42089282602476	9.22875968993431	12.071115903725728	32.38074881135713	13.410147924411351	14.190501987821001	12.232561938335188	24.675718452999128	35.07366152205165	17.79625796730251	17.96515865885064	33.79033601050393	44.669891348047834	100.0	100.0	100.0	69.43728047048974	55.29749352235578	29.31587351333872	19.38505853313617	70.99874941019124	31.232176882899445	25.548638214141427	100.0	100.0	30.29988720025863	42.00592883193066	46.67418892226339	33.2066746427199	100.0	100.0	13.029989598995806	3.1682696433950297	4.269207287598286	11.004904872389911	7.128307657534231	3.1789444005274934	4.69620623701967	3.398068829403898	3.9242873358490034	12.113688214646553	5.317852711240578	3.0579682957872154	2.632740725477588	1.254187767180882	-1	-1	-1
28.359980634751878	40.721557410529556	67.12889076159908	33.33938747758173	10.830688797958729	8.039275039068336	17.2106210404402	21.836633350811397	4.827620057483371	40.566649326075854	98.1506439247705	100.0	100.0	100.0	100.0	75.89317683214597	14.33388112048366	1.8097945043229167	20.401857841860668	30.632565446697175	24.6686186678335	40.32169703518252	50.05376665006397	64.29424882697677	74.01072946048909	50.56220949325	35.188583521977904	16.490287642706825	66.26583269910284	99.8366197719648	15.31310474339489	13.98802354242431	48.63064379586607	45.59369193189485	23.840211275695463	52.141570660297354	51.697655210233826	23.012677604966573	42.178097495620726	36.77622705635964	67.6596026673036	100.0	81.16035720197868	21.40937062793112	13.134639029227301	12.993326027847813	11.554114060340758	15.423816352220468	21.46495477581207	7.525226416086279	2.097117521803631	18.819643370228583	50.96065416168624	35.96407638040428	9.039212492252432	5.7213490219172645	17.859204003649047	8.067150050712645	3.199226070327129	1.1402637439481202	-1	-1
26.174117052473132	17.34291071479659	10.452062572434057	6.938830265490193	17.212411619429318	7.482285977856217	3.4634670835810666	18.62653719353491	9.603235509564573	7.527696111140909	6.764695421683237	11.184837551665616	17.480957715123928	18.02279821672536	16.352033712560498	10.659239366317188	14.94399609783965	47.22526499007345	8.843134314385326	7.935586564569943	3.699778357321412	9.706301266945113	8.315369549691692	8.51533072377594	15.424685329380022	23.014796569344828	12.53398081377403	8.455578104749124	2.458655599674374	3.1410616923320287	10.933941727047513	44.493838040486914	25.157777155379303	13.106136648499742	15.605728421948047	7.50105760721232	17.04643610854597	80.3480504109486	91.34966783276955	100.0	100.0	52.473006287726626	34.41584882391714	48.71763654558472	100.0	100.0	100.0	96.12137691435707	66.29112951392815	23.45302965806819	48.267154768936834	100.0	100.0	100.0	50.48070990292604	29.282611660451675	29.566894065587356	53.691233035134786	14.838157074544027	-1	-1	-1
32.07329091145298	1.1255404126568047	3.7416807709023288	28.31448374032534	39.062047636368405	61.54673099148074	49.745029463738504	52.059093582528824	77.7463094844215	100.0	100.0	100.0	100.0	100.0	100.0	50.0522959845802	80.55170837983135	77.28886300218424	100.0	42.49118701710658	19.686046497712407	12.40973769426884	23.104171743451598	28.50649687054247	31.08302119108708	35.51519984426941	90.20961781603279	100.0	70.72788499062489	46.53849968597869	8.395053267091502	6.900217772463827	22.46850757295616	18.013094250646493	12.608719450941802	14.206600747188103	10.560742356489405	4.398963168576029	1.0974290935459068	3.581918859576203	43.903368364924965	48.02637684743332	8.978790290813322	6.254543471372059	12.774445670242539	36.03367832204896	4.975881748446677	10.432017022947118	36.40650349329752	24.931799924614438	16.99621083775212	10.37283676365818	16.312363356270858	6.8757240245864555	1.334683483591517	0.7148227967811654	2.449384163408615	30.692976534647556	22.915211930621606	-1	-1	-1
14.499279088998911	5.345592097076577	2.1231117907548587	4.1901295178049915	7.940191725254892	6.01515904618013	7.401396460593956	14.609998258773986	5.824445286229229	4.645282940545774	3.4354700870023773	16.202943507351645	33.29095129682695	10.816009002959039	6.287188467505684	8.895383536835817	9.020658367361746	8.586614768291486	8.503787720064265	3.3262306244796527	2.941835470849871	0.8684564772847326	1.4682511692745843	4.438488261617283	32.90094755354746	15.653746290521637	37.246213975750045	54.583016886201136	41.341531179572875	14.721990312239457	10.845510288991541	9.34647371317391	18.545593100788963	10.725899655988915	5.020566131713926	3.658774335146865	2.4182577317080876	0.9148041875954825	0.8221910499169888	2.7616393363837637	25.577719933269815	22.358179019889455	24.130205423331315	9.10210196202174	7.611490069852687	27.28764634042532	77.62833995856309	13.264934476683635	18.352143764182813	11.623048298695252	14.868155722020875	27.46229079532969	20.816576894459917	26.514975611684182	25.947524285659465	31.458812292392732	11.985988010846832	5.224978905444983	30.951299511017226	-1	-1	-1
39.9808966195416	52.256336496091976	33.112375685404174	7.866200160086469	13.526127788185399	72.27772729850021	36.217009698882045	3.5910773632054243	16.365062200925752	61.52529397915689	7.625906782328507	27.08850622213619	54.828957211197576	53.556247770089925	50.27500606292473	32.36870035411535	27.08394476933588	27.245661184948446	44.5590943265563	9.153147410219189	3.0646431936512637	7.152253416157676	9.845300226274713	3.169413851910152	9.28147327049904	10.37033841840351	3.216740833489294	5.499630117242852	1.9896941643615549	9.626036945254674	10.462081778929859	9.652609667439943	8.512258125457748	2.616947997558102	2.708457939383321	19.23330350283948	42.490636502480015	100.0	28.860166860661412	10.060970616178954	32.762762426519494	28.733156567626374	9.672560457523309	11.55906124600966	8.515460987009108	4.222507381021913	8.52479921340272	12.29846177960599	17.77633099425105	25.56226912970113	36.982655811136645	36.093036774346125	21.403159486329308	8.192112534098575	6.764680459502324	45.84350778443361	20.917486564614325	59.04411031879325	27.99507774376109	3.549869827423787	-1	-1
34.52437757706044	37.52104354641565	36.50988416129062	19.848963532045715	27.204621984816242	67.47505610624445	100.0	100.0	100.0	100.0	35.30713624669247	57.32617166577673	51.39315246053121	65.09591505270126	22.9379198094253	31.853297218295733	70.62939555953237	63.52255411237791	92.94968683241784	55.72521403530056	100.0	83.70666598913077	28.231785632154654	33.27175154524912	7.2427930268077	3.937751815593803	7.754040020133569	17.151112756286548	15.924184331234475	4.036554451791038	12.79249658769767	7.530733407481851	2.7282162226294058	1.6436551952640164	2.6727405837715215	10.46704545852848	3.279995746793398	2.613327491448059	2.3267759467929476	2.034572879937305	13.110126495435043	8.732118353328698	3.8825692458626944	6.1484667306847305	5.8766772831711975	3.5473737853029896	36.10522279939971	16.01782549075439	69.44745401601797	15.924498157195456	9.707123336278107	1.2483401911928202	10.356468638176752	35.14610203259387	100.0	70.80488143455561	49.24028829522855	52.88153440330755	20.65890383615544	-1	-1	-1
12.888259841540199	3.5585574131900963	12.74214243039444	18.43839157938737	32.90444907452688	64.17711145294311	50.79641831729991	28.83926286729452	50.45447799496288	69.1632464679755	100.0	63.20441652403516	49.0226816401242	64.05796290973306	23.815782147689436	19.55419941015281	12.617288695404575	10.556471895343481	19.586571408048954	18.83688954856884	4.207670891994584	4.280257603286143	16.149023611650456	42.88115207570631	100.0	56.73537998397135	20.978755369400037	16.15005699079106	26.805703479622338	43.02113368048632	35.80667181669515	98.05973987952792	7.515312010482064	8.473520614524627	11.143279068913056	20.17177433887138	100.0	100.0	100.0	67.5404892755586	100.0	50.67049346098898	100.0	100.0	100.0	100.0	58.00476736902186	78.64547883305305	48.74492322025554	80.0941114592302	100.0	72.31067392187386	100.0	100.0	78.45397308680364	38.854062728886475	100.0	93.91161474346657	62.48244565889593	-1	-1	-1
26.70130937598213	6.95860354587404	29.184361545302398	39.63963247316286	12.087516429496347	8.210444210793172	3.1632505508911897	2.6524240582170506	27.750000306722022	78.69521368232772	29.29105855478659	17.07621301355268	44.4549976823834	52.8996242446355	85.50988684663767	100.0	100.0	90.54092396708812	74.29817743856694	77.6905000852384	100.0	43.17437824027553	74.06368698532502	100.0	18.74710432879777	28.884821318009188	29.91772913861548	32.706988002416274	20.262362589217155	77.68329059461495	29.987048712625047	25.054765588956208	39.68284091362702	19.03434778102941	74.76591963441753	66.74186491313695	12.840841094656273	45.31830022046952	100.0	17.47265362791946	14.320055270063744	18.66903474169339	5.03781105803041	1.701244687605664	2.799780910150597	9.322570484581421	4.571292530339363	4.62055944768228	4.403138364401748	3.544183187731697	19.84587589643083	8.064357880843563	1.9590911869090737	1.1910865461032838	2.4207117340868356	2.6222235407136245	3.8592980872502496	11.219700388715406	13.83473822474742	-1	-1	-1
7.2483792747110565	60.48999980481021	64.74937552373207	100.0	25.390702881971812	36.593902106037724	75.99680033610763	100.0	100.0	39.088075423186886	8.078365744088922	13.72795435825405	20.691129416124465	43.00348989271315	100.0	97.34049480349218	100.0	100.0	100.0	100.0	100.0	95.25892454448866	100.0	100.0	52.68751471543831	100.0	100.0	39.29617612786223	42.56738239974864	80.12044118735635	17.46570446812388	30.146791187713784	42.98425466335843	13.22051444162484	8.226141991742498	8.233829555311557	17.116500243612055	8.399458005940168	65.15046539213984	92.60940340988547	57.38793798150173	66.28409181258245	77.63150316873168	100.0	100.0	100.0	79.77180557371537	100.0	61.339116837621866	90.66119714256646	85.59691065765406	100.0	100.0	73.92344061303109	46.96819344088058	29.003052219924008	33.27541362199646	100.0	100.0	94.7700790345072	-1	-1
35.59666489543896	36.3627158799922	7.603643662379891	12.663765639641047	22.921293680291612	100.0	100.0	100.0	52.27082943813917	22.23720698453169	26.93989258835986	33.455736980560175	43.32356722917981	100.0	100.0	64.41736560338781	7.980686208596077	76.52205048611684	10.965452068980852	17.683605210734562	11.685298685740742	2.4488034175604105	7.17782273319527	17.375289951047062	20.674185001820398	7.327850515882343	6.6500109888361285	100.0	100.0	31.382958383597725	100.0	75.38008238127296	6.881444369778548	6.971240197105359	19.767505676142633	41.92127987039464	31.017719702186124	13.33430253658389	32.02626873618398	13.640198225137798	3.6969276257029513	22.522766588142265	74.51401006952275	4.601853086664718	8.656556777479306	24.709867645082358	6.627104875697769	0.5359119913884829	0.3116903477819408	1.9332606054774537	3.769838615194644	3.2162469091495187	7.088953017615391	5.361988770234631	4.488389416158533	1.5859613456721504	0.4412817107311167	1.1315016519266479	8.906262278811267	-1	-1	-1
8.607932993750143	5.4249696865452925	7.499547664519224	12.103673227807834	13.04479368950114	19.468179240274903	42.13343295758625	100.0	91.07806681029189	24.38599738783403	9.724730711691816	21.85863182617731	10.027802559066526	0.8317882391392425	1.4952718031864909	4.858807894562017	5.3914193766530305	25.505492352339225	45.95222888412889	57.063408784900794	37.45494662216837	10.367496537094315	8.025020383246938	37.28884319118576	8.688746530596418	3.4081719638381016	20.250520667410004	21.596457838713096	69.42221675510099	69.98395912998237	34.958511299062735	10.202608251279585	4.273077140727274	3.747957787975927	1.6280900841949388	8.459571105798098	2.1658666615708926	58.765098360028375	100.0	100.0	36.74552915009792	30.18157760051188	10.456089502682573	1.7389939867751554	1.23388442573309	3.3682716262019605	19.91408287449341	31.64787852454172	8.551139892668164	21.745381576563744	34.11544795713824	65.16632145591929	60.014951313029506	96.1598525043003	47.08396513980268	7.221925485180046	7.983973034223208	28.539475673810347	26.96590333257029	-1	-1	-1
45.598188701135975	8.86134724538056	4.564394935060429	13.47865966727582	19.80164658778094	16.023453520921905	4.873275556235507	32.95722804546036	32.19672040913259	5.4095314363078675	4.063552812296417	99.45803346640163	100.0	100.0	30.04334945967685	10.525887378528566	14.08284911546236	17.09000025479733	44.62181403143167	26.006403047741543	24.241134055613948	12.544966857977352	23.13889495713468	93.07624060589727	81.80702478611381	65.7900133832935	24.94510997714316	18.33608458294076	3.2770368153224703	3.8198615066008488	11.103602286512578	17.044968781904743	39.01825224188436	22.400272669274024	31.282692330164064	91.19543586059112	90.89573905251825	26.320623275751537	10.375362083489621	70.12727949741569	30.57476793277831	22.00840009987877	28.743059377883327	21.564110891954826	16.700000592750573	35.07137013572535	50.427783298195614	100.0	25.86207061408027	37.24658413680331	74.2673243452055	59.07757181925645	10.898636658002138	1.6072503997841656	7.948988960994307	6.220899376490677	32.80650515287638	17.001767744946893	5.469132808360279	-1	-1	-1
100.0	39.58388805573053	100.0	32.16636442721235	36.36848601354891	54.25143471628487	79.67639367961115	100.0	91.00347751136967	100.0	80.97615679813119	54.799183830095544	32.03565435918554	11.871229527355972	29.2475576861981	46.36805546497789	100.0	100.0	94.98752666761786	100.0	45.057162400734796	100.0	30.81315258250259	37.19749527808108	5.523222310887269	5.012440805674742	5.75459752216441	2.6807895008016263	1.6228219693089507	7.641173884196705	7.500113326958691	12.60663568930909	43.6757667785756	21.96033901667768	3.0553374127441835	2.842163823393662	20.49301784519142	100.0	51.642873408996465	98.70280299765325	100.0	100.0	83.4107685738389	39.64625962926479	36.39606704801674	23.859639196945032	16.01568576670001	7.543714103723939	11.043060854902683	19.984186383821303	26.75597041517473	40.92113313034793	69.47104706876738	100.0	100.0	56.24602373111255	32.66470795574227	100.0	100.0	37.485563349237	-1	-1
27.372964459571016	40.80605208507973	83.3367653732205	36.430981379155114	10.097749941138026	23.783728277603693	15.931357121354814	37.44818447479476	15.319769921874844	42.242736499420545	25.98976496304588	2.4587901734316455	14.248340885331611	56.367125627259746	28.882391060163904	1.1837789834818058	21.949262218117028	21.54556007485099	100.0	100.0	48.42290167350342	5.415939483899411	1.2819097270657807	3.547215891155247	11.800638923406812	5.909795126262731	7.609862426760947	20.25778243040257	100.0	49.599833078302254	100.0	100.0	73.61095486756103	100.0	100.0	66.59916650832778	50.27942051507908	37.039268558966405	16.644786585555313	9.480100413470051	11.807225737253695	15.70337809949347	10.54635576855456	17.88381400035852	12.606187768197069	12.555879031098016	27.159044596409288	10.121687359927842	9.252807922383584	12.436177621389973	16.55664222336749	43.958337985035016	9.819701601763825	14.192691140292986	13.381337884813384	13.689158613099206	15.774681404569526	2.172399658630524	3.7855446243584656	-1	-1	-1
3.832627740414427	10.406406242924232	17.25862360991969	4.2622931490130895	15.637666413479048	53.996019420318284	56.72050592807025	100.0	26.321850564260018	1.5350954158198056	48.751022340493414	31.041494508673264	14.411211302828256	20.44162467425818	58.26933606288012	36.303373801487986	12.41916268391558	20.293826077277892	16.261656759163767	23.905370591888	33.75990295063208	12.564158782874987	9.28084916717399	15.964144430825337	25.925243683779055	21.209298539111078	29.65544617951955	77.18547266824149	30.783778772658987	3.2566440307163758	13.590532887189505	29.262905710804336	20.462813451129772	24.09591345829331	33.15742606006457	58.151899070650586	11.415471125883851	26.48258443214893	64.38438806247086	44.919626707995995	100.0	26.515076242591885	25.408518337405745	3.677861573074528	0.929144681859732	12.306475188280842	4.362099839752728	21.270192458312785	17.613659658957936	10.689281899417807	10.552241927220855	16.60065975104467	7.334119718902597	43.55526683611737	25.281976164088885	58.31672003632415	20.651149578635664	52.23435173564508	3.479399801150568	-1	-1	-1
66.90395136133232	100.0	91.72871502561745	44.26380686774453	100.0	21.859874256499985	31.176558997338667	49.398614050294675	49.93928750179896	34.12577382002425	4.219461944318614	12.46999225682803	32.601527351741474	65.80232168506136	1.8827448457151938	6.478036249870229	20.584840246480553	26.005868440867065	23.73343165391946	9.977709874042977	6.723375303240517	11.92335812601749	39.81689549240577	50.34476090697964	25.349450508409166	51.418812423089875	94.1922475467315	100.0	100.0	61.61882887339188	96.23553724112598	100.0	100.0	83.87481869205628	24.86682660577283	98.98416700938459	93.94492717377632	30.802427954183408	56.33732611042912	18.863600722170094	28.38723433899603	10.26284510267973	7.720817053640418	6.457844148197112	3.237444143445524	2.3825292189936067	5.026034293540741	2.0574616864839856	3.114280192256148	12.803625364456071	7.629965500651503	2.4110032809122757	1.3489367409726016	5.259436190951257	22.219115529495145	36.705351198052035	30.309920208579175	49.97907078982515	12.44320263862006	-1	-1	-1
33.8754377236974	57.65244771805562	40.93597950477444	3.494720623443967	3.669734848414105	2.256553762598205	7.024441470611339	25.66338284746813	18.946494316601886	8.79042100405511	6.428022315213274	37.2275776630381	19.8930455938326	16.773437274553835	9.474455602226016	6.433983485782512	9.512832942398965	13.424949635667408	17.08786090874059	25.923816629300322	74.23895815028335	100.0	98.22755668095722	100.0	74.97422264561315	38.91805824176684	23.07246381878826	8.744733195540476	3.1547313994064354	2.4066588092815384	13.622633890673534	45.695773283032786	78.67016420560076	100.0	20.170793587468303	5.3076755167717815	40.972350341597085	57.06671574962877	44.589533496474644	100.0	39.47543738510884	11.156272427652917	2.700342716715562	3.2336868918975226	3.9149003268575546	22.11383680854801	100.0	69.24232427204319	86.18534945102164	84.53826800643989	70.65101628285359	39.45125134765739	57.46425112681233	55.274450926965926	51.3769181325577	5.1492269017083006	1.2788604085250284	46.58637260082102	43.78456751140702	6.64307574657249	-1	-1
82.98524570289011	100.0	100.0	81.27423812839558	49.483358170346165	100.0	25.898044740152667	8.634877398790609	22.19819710640556	34.80288103154299	12.876656423897892	27.96123219789357	13.056588003406786	91.86010007464256	100.0	100.0	100.0	76.1026221170608	100.0	66.07925792744085	68.66784617005209	34.39713100329356	77.66892036317836	67.81628545768994	61.52212810925815	17.590596164576034	17.587158578943402	25.594106030293247	15.54074451477465	70.07280294644279	100.0	44.50751237355566	37.837795070120826	88.9872991071136	32.13183206743314	32.56248141977986	61.745322265896576	12.759593152831	89.48003175726382	45.499120725675205	100.0	46.22373096947083	100.0	56.791581682444864	49.39152779930844	37.98251831683357	9.114686735706005	10.772535181951461	16.56801580240657	58.84696285347208	52.61144840364435	26.258402448224803	22.18136706897046	19.601082904788402	52.7006851661359	81.68996636758312	24.191081713679107	70.85330811977848	91.35536656617931	-1	-1	-1
27.760428438290695	6.383755909582477	8.691550107983522	13.516725318215194	30.93624666910797	100.0	14.060386660786072	14.646496085464536	8.60474177924453	16.149572880217836	4.882162790398258	28.030391706809077	56.94336199022584	40.08472516108335	11.410095489761398	35.48810208095472	10.77578275860837	8.313649991814493	15.55331497445992	48.710563028367915	25.14632355972317	17.44160790619135	34.56784632474169	21.96922422584362	24.32012645658426	37.98999332442116	48.46325550745422	16.693478077105667	21.185546102167393	46.35725964608785	41.03630904680365	34.10839436769646	6.990217094978801	7.617181202448568	3.7649487551805043	1.5584918795280813	7.139160193750932	18.088869650627828	25.583493124631246	73.13683392520862	55.27338860875799	23.48030123225773	8.702983188496543	49.107252837773956	100.0	45.87998144222014	40.5284577084597	22.82760744203848	2.8170710130671464	1.7939273169122183	5.294708859617271	3.0305587360960415	4.5670955279595855	10.73047483994045	4.492515589759702	2.4029483561494045	1.757788082588857	4.988584293916505	22.76810305598057	-1	-1	-1
32.947050879230304	32.362489250805766	52.50652818450171	95.61035517006307	43.17631500340653	100.0	44.07124673731862	64.9139026032328	63.03554869616637	65.9831173814841	57.27062440655351	59.76963350849094	44.74403024814594	100.0	60.14583095194149	71.48416280014838	86.84244519362572	65.6265813589032	29.439749336587905	50.18733591658305	26.273705390218634	12.441425328670647	30.489418998077387	34.41996094121715	28.64011116141201	11.98998955057616	5.977763823600205	6.241010409803681	23.918074946471762	89.35635883317758	73.36479916903492	28.232099152257558	65.47141819882553	48.68726632910987	100.0	69.01463084790633	9.544486527131431	4.97759281296786	3.0076225654554256	9.336858360022612	7.8035427561919395	4.6904640485198765	7.1742144669367605	12.176237866271606	16.40358886072928	23.159006805322864	8.49887884868702	3.4982167705518705	3.5823105557262154	0.7354339004378319	4.944285713909744	25.350791063711032	17.091306107128812	11.422158050551698	14.359720495158339	59.482686379278384	28.023582972696847	7.20443905167604	15.144424288535843	-1	-1	-1
11.467109851560435	29.638885180205026	36.59751918864904	49.974240340277646	29.53251501709989	12.37388456746923	15.424164844672244	28.04540435257997	32.58952228088531	100.0	15.05438028039092	6.23836159990502	7.936276106155616	7.630827546472753	6.530443611584681	1.581035246728365	4.0484884588446715	1.4335861274367323	3.279870517099446	29.37110620470013	35.23430343631473	23.500200305013507	6.688726448542897	9.064963649538402	6.621631328253527	10.061692790936224	18.978507675844632	16.395178154029107	14.112104607229638	4.392572678407844	6.190122149951706	4.05038721184148	1.6276051794003645	24.968625183866976	67.82870438790766	17.48929352955433	2.728882729124804	1.7288058409979332	8.097009084258689	60.350869838465435	61.477961228657485	34.06118561090114	26.34708023732501	70.52038297049087	75.87961067477534	42.45623775039115	97.64965685773723	20.97860252577606	14.648469344814007	19.04415142301865	7.573821521716923	5.9335316355784755	21.091207067842227	31.145481087174822	10.605465013828288	10.836049327255122	10.900446680339533	24.298467865653365	11.166988583685418	11.21533445705134	-1	-1
57.7677700750929	100.0	100.0	98.40495370482579	38.647196545497096	35.67100395275008	22.79046429692127	88.8598023152008	35.44790537491881	19.17835459191802	54.036862725969456	72.52128047653981	71.4233294827305	73.66863575073992	91.30178569061789	100.0	77.2015450464486	75.84147809935122	84.29384992896286	51.048487558468	14.6357731721231	11.145477345893914	7.662917217873897	10.454970418902484	55.185754714657136	57.89776999721048	52.6951703956566	100.0	14.965064569031746	4.006176564427977	2.930510827235246	2.3404364247682414	3.3181752384366376	10.379656353172882	38.186052611470586	93.75635321296872	61.07038285369021	60.21232778796988	48.194857329101296	65.06214440066837	31.918902573705783	6.9175678210751075	0.6848217925762345	2.580511727411748	5.659887128672053	9.34418608344826	30.81854327715534	57.52628454059619	35.606025402435876	59.047869368254624	25.672886946826072	95.02688932606004	100.0	32.64830545000577	13.689082889623425	17.208143453675945	15.455526232929541	36.74127611137472	69.4561016576701	-1	-1	-1
22.941642388863702	15.373634024925042	97.34464397545479	100.0	100.0	98.53367118149352	93.46688321775339	57.747726881888966	52.25390395114148	35.66232453339317	15.586740570578318	27.76391362807266	63.83489330085477	100.0	100.0	49.02590484653109	26.451981880695584	40.59606204750541	39.35037998551522	4.3445664729441935	1.7776782782903964	2.425324826693425	3.2713343887943727	17.636048999733067	12.261540788712798	14.434723880353108	36.59199444803652	42.6653285702957	36.538085712445344	100.0	100.0	100.0	74.19739362865099	17.630450039050565	5.411944990965977	84.24433220958731	100.0	100.0	100.0	75.43470831781202	14.456206725839426	100.0	49.83954906682231	43.94282392541487	36.60187675942027	34.08854802720389	48.20655185552533	39.73090989546033	21.269977779769192	2.794418298095682	5.264585562662518	31.872697741354745	24.05783134744838	9.623847734337788	1.7196044028855615	2.6259433875446234	14.292752065086365	73.98748510306449	48.65907673958972	-1	-1	-1
11.847744949665659	3.6425596046299185	3.0686187646904606	3.2139775206108037	20.26086608542855	19.52321331963411	15.348474327143775	39.42788788319003	24.55775996384021	1.8365239141869045	3.8040270070703244	4.246981617516223	1.4848225287302013	0.4765909235425055	0.34463280597300366	1.3301626962164919	5.66915986925145	24.306935350263707	30.784597542744706	51.19447903218814	56.189264808395954	60.40653209874643	100.0	100.0	48.402209571676266	63.33015917581841	29.53895128734165	27.097777080777384	28.60291485320922	15.622622942206636	11.433814191006197	20.18959281049264	11.261137583584752	14.767621336586174	12.377324648943278	5.434002188873165	3.0740182701691263	12.562622286244867	20.779358882659274	1.9798902035974482	1.5453253808350162	18.178044664245057	13.086497328026152	23.886268564899495	19.64204461277121	78.4912136322562	41.970074756419095	56.62807703752974	31.49810581995483	100.0	100.0	100.0	41.35110029209056	100.0	19.61051809551023	47.30511586231726	36.515020448177744	63.32807933159283	100.0	-1	-1	-1
22.181575985106743	39.25077635659294	72.36375147167567	15.410464121252081	6.909834194534338	23.693898859291878	29.768642699929348	80.26084634895994	100.0	100.0	100.0	100.0	100.0	100.0	100.0	68.58280298779933	31.327360272657632	21.317023758734077	15.775406401974262	20.784591071203455	47.64388526989723	15.638109136788144	5.906977536138365	27.081237421972272	9.790658286344762	22.74956197592777	21.111426515054376	64.37871688054115	100.0	100.0	100.0	100.0	8.685060139552668	19.79957003409679	42.91812955283213	54.44013514869777	100.0	78.53378001235043	19.320659514029952	1.7102086028533658	4.750557293752196	1.6492482081804207	2.120869083301256	36.97922337190454	72.4097376740529	11.092618720416043	32.80213073611874	45.19583015467992	9.130706931161965	29.95564601057032	49.90728533506411	56.39624407278068	37.32819649728853	100.0	100.0	50.468165611891486	41.336066051233274	49.22579742343667	34.52601369765523	76.79244994599522	-1	-1
1.3829283478264032	1.12364311380119	0.6342361446687469	3.0251969688152456	5.029999405173679	21.253814610234688	26.906129785203444	31.366847490482368	33.13913542711349	81.59094971570033	49.88143182068157	55.05406856389545	42.51694916823561	45.691018260562856	44.70099432386451	60.55345998322632	54.343758570310186	36.96712304527948	23.402422475193035	18.974599216533303	8.113593870184244	19.548111712751368	95.39438928384152	57.954265599824865	100.0	100.0	100.0	66.93212777148625	15.85359592684614	32.70982068112263	37.34189645541135	85.26346434285863	57.48788680831496	40.81983924801178	54.45699183896071	31.236834057840465	4.502534615071948	15.082748244985275	15.219305118775937	29.223117612816363	59.87281775779644	100.0	100.0	31.264265008809897	55.56055379306441	54.77496483571809	20.10229274078127	37.55283940976505	18.009263305020173	9.282537782528987	6.563858635371179	17.506148458819872	13.737219035924257	11.817434966768216	4.243263773156683	2.6485492102435484	8.161022621539523	15.3623173936728	26.88792915655062	-1	-1	-1
4.11402817946603	5.240048328277412	11.339855766689247	4.661128469623661	11.487898473673832	7.560317380482153	14.392233345884076	48.476305339096484	11.971752765251258	27.547493097218126	37.70042283939141	36.40931068477356	54.87054921554506	50.69563401998968	41.612823098589125	52.115434693733306	39.92057480261378	27.40841987465663	5.643789564241245	12.586928423082455	17.888926754144077	24.431611391648175	40.270900997050454	22.038876974507268	6.476336408405806	14.762571430331596	71.16412210361332	57.68978068079898	31.664789615496606	28.25324699943159	5.08024796719263	8.162286823122853	20.83815294352972	33.63592587310267	100.0	100.0	59.322599154905205	42.3016690358157	7.516170336995309	9.264920984399316	48.20487982186957	25.896562784115503	48.225773718500875	84.11828177796522	46.692737806724566	63.728229043938256	82.43354889641144	31.331365366056005	10.63965368158818	11.383154322307048	17.75484921233911	14.012535939534432	11.371297324549094	10.901591295193064	19.908752222640317	18.12620571189544	60.536133829761106	54.339927986143984	41.23888981107877	-1	-1	-1
2.813100328098535	4.57742850695473	75.02303462892178	45.618301262329595	11.389003022814176	14.621178280085733	12.016633128453032	6.0822842212638095	15.66653704912405	63.33293588309559	100.0	100.0	100.0	39.749145114440005	19.17767744593936	8.269052813878227	21.24250427592893	7.230063282555508	84.19879581517984	91.5607103908996	57.86043798187087	97.127749493426	100.0	88.61706938564872	30.244734499318124	85.61556530037498	55.29698660236061	100.0	100.0	90.7169032477778	16.569103302006337	100.0	100.0	21.42823178495143	11.115750984228535	52.88067985546143	51.817753667517195	7.988761543004902	13.134409349978116	69.60258304426287	100.0	20.65634051784954	21.844738551281715	14.884734339156878	11.566163969315788	21.60169164313693	14.377818091091088	14.670537081436807	79.03370384612695	27.904763128337894	11.867213897301056	4.089385082610989	21.00639841750718	29.95932827109837	14.298122010263883	26.346240684133342	84.59226113658639	34.21479565249122	25.5057381080439	-1	-1	-1
29.550550782261663	18.326167587461423	45.40542946053063	100.0	72.66385919160945	21.912582601503104	100.0	24.153182195814118	17.964572499098214	35.234213915598566	7.4079551673475015	3.3176741435296346	82.0121114941073	71.29869820334262	100.0	73.97370240152374	21.81224484912882	8.651564873135934	12.316490550293638	21.05690310791131	11.360753325492817	12.34550856271772	32.36090822785702	17.424127787760504	30.155923856533903	69.97029239299894	38.745924433290796	28.978277400255877	47.83051113600603	100.0	100.0	90.97358911057182	91.45332282541955	100.0	100.0	19.42003612537436	2.8331262123306575	40.95517849604204	22.096831493072237	8.557899811799949	33.31499097508184	82.53441537011575	16.961257063989883	54.59095962243866	49.59887313646293	24.491075347368145	8.893492212301117	4.121891198735303	16.708777326415575	70.81925186086862	44.31676896740219	10.002110908468499	13.326202839304695	24.995928814160397	18.284272705530622	80.61650854004947	100.0	100.0	26.741168818204827	11.97012953135838	-1	-1
100.0	84.25298723722568	39.32651046538111	65.66940947222156	100.0	100.0	23.562588275694818	100.0	54.75629589240221	46.83100837267746	9.341491580563702	31.52503904258726	83.18199037835045	84.79736720718365	50.47728267139954	83.52682086382565	27.111390546278788	17.015388534206924	18.207994321459612	9.730097397016767	3.488081504267697	2.308645492049458	23.50617084574861	34.21469302980868	25.890263491796585	9.037339733271015	3.9388160376065287	2.7388403048591927	7.9203915529139985	13.688737930374435	18.645672341383392	28.24549102897194	47.852982534397015	25.41508995836638	73.09990187318179	63.193913831979685	18.290906272587996	11.469449158755285	3.3340365532589797	5.582296128905313	22.534473869720653	1.8719152191793056	6.212596979523647	2.3393345777157335	14.497823631780697	6.654733031130886	0.46916655430479126	4.04544767618632	7.438892137696004	4.000760035058415	3.7294528593443124	26.41853260696535	74.18247634289185	51.0523561406356	48.00972198246164	69.83191091310864	39.159323731672835	7.041643610078423	12.147340258880739	-1	-1	-1
34.191864062352565	26.20396336190141	14.082909044731217	5.9513209335157695	10.387355437626857	13.46293883047948	12.240988798987228	35.75385628865585	97.83803690199734	98.04424446219359	100.0	59.777410032493115	14.740418990950152	29.07347070554094	46.30996535439208	84.95475702333367	41.39389838074972	22.483721482960107	16.704823408740165	15.799563205355422	7.998365044626196	36.185166463574795	73.95934315999033	34.3352181002564	61.82350029653653	54.02457320587405	18.737613180323915	28.231707252456292	100.0	100.0	98.35701319845563	100.0	100.0	100.0	100.0	100.0	74.86764199369077	52.30420900115226	100.0	100.0	23.978047250625444	10.472228206245049	3.712388460454861	0.7360923196162109	1.031341811026766	1.4557397980310298	3.9924556946687217	3.464953759076754	3.749897162424056	7.843489988120447	82.46596420627402	94.57686811655743	23.277487271131605	85.10393626413118	9.21721163795605	6.684952020955871	9.50025152559436	27.9849474810259	28.68178735356911	-1	-1	-1
45.5523983214349	100.0	100.0	100.0	100.0	53.64421435687875	40.36290334772753	19.8689584160193	6.619552468368785	5.312492986306019	4.178783463950075	7.554970332213958	8.055317798376588	10.908698342321426	19.873416297115543	14.956180198858592	4.290128029962079	15.141761504118888	73.76663370602274	89.1166798532711	100.0	44.16213453503855	15.128223777234394	23.88063540758978	13.675780581910569	67.76184470785088	44.73135337902321	30.27771533232044	4.886014193568894	11.037014617170493	11.598066404494451	62.213496080661834	85.14328128841899	12.688195847255509	8.922023950027478	58.305445182314145	6.633447887596762	16.826152291171624	47.37424461145425	9.609978042683448	6.71923652522149	9.785873080889539	9.080696132828695	10.188086552199476	34.22086537871112	22.157377877964173	6.518369678429728	5.883918420943656	20.39526769834792	24.14373075892074	3.443577503165443	3.4516844944005545	11.40653766931794	17.128695659219506	18.990626498595667	12.120479612042159	4.852188060701263	2.6300916534756036	4.808691535892565	-1	-1	-1
71.46977036607846	5.057075175467049	3.619649546299064	4.542481698577819	10.299571548640916	31.148294244611026	12.970066543872957	48.44075912663253	19.22110622441292	22.926875236284264	27.743387779283587	20.324023370019876	7.191025026480294	8.927997614088985	10.16437616081827	8.816649811209732	6.191122154018603	14.275889924670558	43.26746011526441	50.90903684745111	79.80397072363398	100.0	100.0	100.0	100.0	100.0	93.26928735467452	100.0	79.66794266507587	15.755169194235245	6.9072777268848204	8.923804317828596	44.03640862052373	17.233839625619453	10.11890697268318	9.190039919779245	17.41457286835658	5.154171859399308	4.515496125125782	0.6776203387662069	1.3496405676098615	4.010792721958049	8.0653972870031	21.935681771537542	75.62497986607066	67.42555105635883	86.28200195653838	100.0	55.51314337492877	100.0	18.30065088219185	19.707906968673786	34.5514016179796	9.854244827624079	0.9220383373543003	1.58965764019687	2.9997137723359377	1.2465243163590205	2.37432367136027	13.339502503326873	-1	-1
86.68082863183551	14.524244951625839	15.860988667507618	41.045746182189276	8.017268503890215	85.50201244339821	65.5625207174569	11.296791555222	1.8279302396895147	4.369975105200361	9.690378982813384	11.03270002058297	5.404192067819099	1.808314288672688	1.6161907033445404	3.5938297117751676	2.7197681538173692	6.898606667019507	15.791558933597242	2.8758986020997064	1.5072588752728258	2.2301796325577197	1.0011839646624048	0.5427124718539162	3.095220890558994	4.152703194685357	29.510393832100526	20.386532921413604	9.165632917221664	10.465456708949043	100.0	65.76392208527045	13.52581041028063	31.406134757295526	3.2457175694737024	7.388238155226993	14.767542010511487	5.0220180718933705	14.20780580764122	92.38746569739718	100.0	100.0	100.0	100.0	7.821323783237511	21.318048995084677	10.90124022333113	2.4149194076450455	3.209549117147425	6.9362533047320065	4.846738798677462	6.1005584997354205	7.404012027585432	4.838785557621322	6.222081940531032	14.686018564436921	10.843543695284596	8.137192193936867	13.184730996645591	-1	-1	-1
32.021978110974246	51.2935537586522	23.250306206742305	9.42925829506496	3.1206131887371416	16.370759757185912	6.093611948582731	7.7510018208422276	18.127524312088095	28.824306785912203	71.55629778122136	31.464138031455473	8.017490742312917	3.8820591985109503	3.0657015377219063	17.781627397392267	46.41856700174477	15.163291269227601	31.54489892363456	9.482735706177243	5.724647740073179	71.3627981428943	7.845309596681694	16.417521656540117	15.622189609743055	23.33509178087326	6.125226785872093	15.859423403407597	15.142115033788826	9.843732690362998	11.698414248547595	10.35758828699756	11.209717606120229	27.562664970750678	29.4092078170723	19.21525775647505	14.921615230086315	41.82099849135304	15.755664385051434	31.432275312510868	21.943893378234264	7.5114698949320475	59.37764119556865	24.146102324441106	15.852385485747508	6.54021108485601	78.97918397794665	50.16095495453652	26.77225724137451	44.85566828413028	15.991096120967205	13.159606730692564	20.014431936486055	8.738116571072858	5.984065626979044	1.9035302143683999	8.964505692173296	33.84788651062322	23.075401522183235	-1	-1	-1
24.675465513242983	62.215784230527795	21.420281452653303	13.871330639800437	17.602844359009655	19.25495541839886	12.288396383973348	16.548051385143044	21.358933975534224	59.57502657832464	95.79153649772555	38.58998047738293	42.58201318068013	14.550224089111246	100.0	100.0	15.014039771087484	15.29178269272436	10.739415039147959	22.608176259077947	24.537474185217295	26.903534679400206	38.539276103219294	35.475224487195305	62.25781556524839	10.16784033954945	7.752217307885183	22.66673511539486	51.837176125542875	19.400187010965787	18.005860647607044	15.278352022905787	12.076560449583496	15.912091067028769	56.0833972446455	71.46275608460051	15.961024676469787	7.040691121926922	56.99721378796267	100.0	59.30165122810194	3.617141964915739	0.5865574519578012	1.9146489563600697	3.506071349341375	8.308325710729598	19.080479947155087	3.809241092172605	7.264269642349105	2.0610901005855715	36.91306133629895	27.688584961135295	13.411826222149903	2.0080041618252453	1.9664484123260795	6.827012735694445	6.151127542377883	23.282749029046748	27.26195427167603	-1	-1	-1
34.30361124229971	73.71550789863018	47.82739731341727	100.0	100.0	17.918034878626216	15.048245180175394	5.221039645325941	1.720105471391719	1.1220512740882453	1.545590984089944	18.389094237787088	50.66050410297437	12.912545237122584	19.77862216772057	44.98453656146505	18.30129896058064	100.0	19.452392865710543	21.588875187146332	19.38385147845191	8.277423687643356	14.635659217685022	15.205814734296542	45.928578594209796	5.1503785473059995	21.707220296931116	25.731352042960147	12.9280145749996	7.871052289604136	33.6481458277702	23.82737864097583	19.553545607347292	27.700716829925174	28.04083760255358	88.54699192474187	78.1133273712911	100.0	12.588842354657428	47.46875403297	72.65001498632624	39.557112481011856	18.227838790155833	1.404237617699383	1.8796775479990608	10.858833873256282	9.397129510003422	17.182881594553525	6.594018044060283	4.868760442412049	7.04890495842349	14.762906295385752	18.16905511887579	9.273917904411963	15.044054930581359	39.32672553934587	5.252856706946017	1.9309939956448967	10.536218770784515	9.083463061008583	-1	-1
26.62510263461695	4.256572709977618	10.975492988053425	17.64836561426334	65.9650474428289	69.71007199240607	67.21524694192297	13.365272276565117	10.789305991424557	14.516027641789977	12.487292504447074	16.241974723101137	48.15681904326466	41.209684020225744	72.25093611132647	37.21028795958615	27.357567157524365	21.13951548236199	6.427425465469065	2.93097010361184	4.811765552321786	42.272234082648495	19.73227503790665	17.28912581954101	18.27102502404088	23.76785243063705	20.951221675795534	21.162501249120886	31.975353013129315	18.553185950517143	15.923662834688473	15.318737807210079	3.757058774461891	2.1114938626641733	5.016444327190703	20.966191695818313	29.130305414194922	15.694557403837205	19.105105707355644	13.992649324714284	18.52819594893467	21.530223982226225	6.760412999383265	24.137407272566467	52.25099064226583	78.28195302328524	75.37898355164799	18.84920390361233	22.897398489056034	77.10890673930146	45.83561135163815	24.28675715278953	14.803777082080972	36.67135733499154	54.33813335916282	100.0	100.0	100.0	100.0	-1	-1	-1
20.36690406495878	49.88974298086631	100.0	38.6135116671855	39.19835563724159	33.07019178118044	49.068344826232895	63.3343506587503	100.0	55.36892836590239	55.90354307517977	54.93030656927246	81.63441244204515	23.064062542783404	21.060360978794378	26.018433455049628	18.329506413795784	30.516796384572995	100.0	100.0	100.0	77.06856807489294	40.041514232431545	71.1827971245545	77.49968713262649	60.03286494215013	52.25024583111754	38.54976014539589	71.80277000578928	33.93298737908139	5.244170588401271	9.886428796570605	9.121681656086206	3.8637093050074323	2.543470680037787	0.9608227710291471	9.2416292441261	8.733360198929129	1.908648193269307	0.9475462394565859	12.16454777113803	44.33338774672872	78.64147687224133	100.0	100.0	93.28714680781876	57.09066233397796	20.92840815684551	2.94661744850344	6.75436147041282	51.211620274964254	40.16131647453035	21.161502507178035	25.642001764747796	16.97021329295604	8.878549360624778	37.7314233419786	15.782460129496581	62.25349880039037	-1	-1	-1
100.0	89.36397256933826	100.0	65.62632262851135	100.0	100.0	100.0	83.33750893418578	100.0	97.8575120709759	97.60795890100808	67.89273243803036	45.762984575897235	23.467095376691695	77.49517275403176	25.297941970617753	21.01940844598809	20.54470498760927	28.1426481628105	22.163918311758152	10.284850079322547	18.724579089553522	38.13992805114251	7.517099896379587	7.562413703591436	3.7011548432819183	3.7666797306271085	7.431785657005654	1.9353811793694358	3.36185096941973	11.297023325804025	6.6449291872288665	8.37168284668681	23.52093447475068	11.998076564910962	20.034984425355656	25.28062558445398	32.767605129461714	39.92407909151401	10.51979565000774	8.289188784649497	30.829615597378016	22.488350070896374	11.060451703940185	23.8444110964755	2.1009107215101683	28.445286064582426	21.641553766383666	34.404845390549205	18.358183264755578	4.116633851461324	5.0343690592833	32.93902514676201	70.34904847622622	87.36970771013335	32.89486875595675	7.364600794790785	11.58355099524625	33.525667557358304	-1	-1	-1
3.031360643130199	39.298724026009175	100.0	76.07871482567857	54.57969874629193	24.907306343083437	59.578662859696564	88.20159461962176	29.894461500254312	31.81152797542293	9.759782667369237	21.13300103426612	28.673934441276053	7.935654165040903	7.219437948837471	15.064736732906889	14.718854266778033	24.372689057621685	29.274146203674736	47.35476191662585	84.39151292873193	100.0	100.0	16.998506469710556	6.553681065886837	8.484607493277792	21.567335937090334	4.504061510033466	0.8085830212553263	4.903035945526594	11.867055909763822	51.623699925426436	75.61617285361983	100.0	96.22416886815205	47.998907569069054	3.7199835880537715	3.063974710682755	3.844813601878685	2.6482165362053958	4.732143198748189	35.41780751735013	27.55452804987799	9.41369894806927	5.631914746272093	7.661645780907457	11.61438775943575	6.424670918364555	10.302190021056267	6.25251525949617	15.578064727500164	9.833663279562938	4.776309821909455	4.556783580826655	1.000487047730108	4.637598972424547	4.163271930381331	6.696694240072964	10.506857283716888	16.013949106131	-1	-1
71.22121878813533	71.52894882702302	4.288707452036553	5.650089001865347	7.987743364336613	19.256142039967017	24.0560047014786	100.0	94.29008822549683	34.567278425005114	100.0	100.0	100.0	100.0	85.55462546728663	91.7976183115392	44.46319773179762	63.085719837807865	47.72604894208351	46.09531522391232	14.927980417159878	14.991683686079199	9.703420109197921	30.462459754985854	21.39862339123773	100.0	11.436620137356114	75.70255892030224	19.483550661803026	23.585992715673967	100.0	100.0	69.93640651262754	69.73329268944426	49.64606956673753	24.420370631715212	58.109261198765594	100.0	93.46232710687848	4.081874396383113	0.7766108340631412	3.952832554489619	3.903441390256535	8.277554765203606	5.449056269829013	5.870170002660697	6.85596891928078	5.015396156291559	19.800792760345928	100.0	60.87294625743782	84.42931786583344	100.0	45.3769419858696	3.3904675182943094	9.792941049659513	10.282015634342727	23.353780389731472	8.857787717524335	-1	-1	-1
41.50738765172062	67.87412723910573	100.0	68.77765789342234	100.0	100.0	57.51743446575559	100.0	40.57489399663875	69.21846525567781	67.32860735285318	86.49200700396422	100.0	37.038054172959605	56.88752787278532	87.62849565104617	12.969818287664232	4.845441395599006	35.52037950191018	8.44922765783738	7.507710277133845	29.622955006806134	24.931666603351953	34.13883201744297	19.847517321073642	20.270926019625026	57.026185905914076	100.0	27.51020597170897	79.59738498566428	100.0	89.643850649403	86.14961683791485	84.65582868834339	100.0	34.03284991012921	13.655335830252842	97.73982478166054	100.0	100.0	100.0	100.0	17.7869148873552	19.293447410273338	64.3027598173415	51.215477521800935	86.00182475246771	10.576111923430533	36.379891047789116	44.51740745845084	38.923599875331185	81.50663369338137	53.601928848712745	38.62458302814986	13.878635024874637	11.26437259135826	6.156011411646244	11.83806210088925	64.31449946341193	-1	-1	-1
2.448937648948292	3.2084128089907398	20.59082523763525	11.230057379372603	19.504783276219815	38.22069721909823	17.19714211332034	55.943179166186944	75.18982028556583	90.41416885294679	41.74671481249255	38.012767073294086	57.985457761604785	100.0	87.41928922035895	48.71220924025609	30.460723146150425	7.7538993464244585	6.805451154442026	13.495280001429006	21.00325182855965	38.43768011000474	85.52435370002557	41.070427737880145	12.67853346753324	5.051515603354728	33.823813865143606	59.41125435536013	15.126081505073328	76.26489351457667	36.8475676760888	7.392339936482333	19.172110926818096	8.841122976300888	1.7356998011855642	8.082999385959106	8.463798240448545	46.320939014209	94.14821712176973	100.0	100.0	72.6764461690141	100.0	75.82955956171449	100.0	88.00714876807011	49.129259112774626	9.514690447416179	30.500297022709177	48.644542715696886	100.0	100.0	100.0	100.0	10.955851499194681	11.601265705084108	42.607398660376234	51.36649204551911	14.45294456020715	-1	-1	-1
44.46370330236025	37.30373864533215	38.4940457874321	54.95453688301087	100.0	100.0	34.98788493156586	63.933455268059824	92.21085223932656	38.690782717342906	31.176850180761296	13.180686119103852	66.44231247887986	100.0	100.0	100.0	100.0	100.0	30.51696749685515	11.224424813995528	21.87585057403051	100.0	50.82388668820599	69.7440724713495	100.0	100.0	100.0	34.1438833551967	4.461036059693663	35.728974233745774	58.35902473870137	42.927595072180104	40.77584891542691	85.00780118511238	100.0	99.63074486604053	41.63692401397202	16.256281538808796	11.164149372216706	5.0860526795373815	26.358284177362513	45.49898173612147	5.71632358162465	4.110216701430631	6.852410178809183	11.231269772434825	45.662894734120265	43.01246248171142	16.819824021246554	45.10194827376444	100.0	100.0	22.75288183733885	6.733666129816177	24.647766048688354	6.6792692535575595	67.94508930983645	45.9043678980657	31.99943157516947	88.68162864134274	-1	-1
71.18721759988904	78.30803006634342	6.001830707309067	18.073350064357587	86.58232066183328	15.334539678455933	3.572472474198453	14.003059697464318	17.44385222212242	54.83403030429114	54.433229141306164	51.652386814933536	100.0	100.0	100.0	40.56578921120506	30.33910360367574	68.02154413168637	57.487537716552836	23.831353008592714	43.9549081022262	22.04260049125477	74.29789924054774	100.0	60.10050671440669	66.82199141739484	69.33443511785167	16.499407233014853	15.608655092856823	10.171305247541534	9.524620556074188	5.28547110941842	30.04221034714982	89.52477462989006	22.116592889229633	13.869965040886848	36.69664459326745	49.66174966545212	15.743140815249065	68.76414047493597	100.0	7.077700361257768	4.756987237615993	16.211769753526003	100.0	100.0	100.0	22.905705395199746	100.0	48.69661677399465	4.369395661423232	1.6054819381673495	9.133670142991027	25.272376383033528	59.65423942702837	100.0	99.47049959654998	100.0	81.18410728741888	-1	-1	-1
28.536569883793344	9.474846278236202	74.04927128075079	100.0	30.002845551399673	37.83049361324241	14.07280889035844	28.079076800333603	53.76018147196564	70.78637708978003	100.0	50.85601225486694	38.503735894016614	8.202167581805558	31.599407259148677	33.41298082564695	46.41610569842324	33.86971074568994	50.186139114801165	60.61512769080093	60.11774926818407	100.0	100.0	100.0	43.855281134312456	4.212583415758716	25.195943993782112	30.528125260916916	34.353430791727284	100.0	100.0	100.0	71.9390622965412	21.235794617179703	54.83345799122517	92.7406465197051	100.0	31.57804567262619	9.750203361740942	8.836999977157534	11.878418899535683	51.53536715675148	20.767242164125605	55.90937116287149	27.92329085422557	9.028130886319738	27.138604324115374	31.109934811574995	13.99601799584071	21.283763910061435	20.654469525556806	43.42205295458053	26.575748230302374	9.403384949772649	16.904334810692276	9.05231549506713	14.49062609967526	15.470942679444533	14.390615308700067	-1	-1	-1
10.570623002697392	8.238721305952932	81.47348409284089	100.0	26.70167570730217	31.60285303686468	70.50104523229733	77.35273967359389	17.601715953977752	4.578545081778778	5.257139814790999	17.41361755218987	27.662201613494915	67.53889958790316	84.65282723635814	38.066158834752635	100.0	62.711025111651026	3.675175531906199	3.103984305993322	2.4361041920405753	4.6390556261222535	7.558378821924651	6.476771933172177	2.48933978874404	6.193531844388738	3.4918609627626123	4.442398417103532	10.79431765561288	12.935306566023534	68.81734381580469	52.95361159256824	7.312430532458683	10.10802748348764	15.896093774009524	11.492941518783077	4.442083726873262	6.973417696576556	43.22775072829597	15.33239761419584	14.617770730825447	31.284811229799182	45.40314764304468	7.139935265798836	14.301535570473247	16.754145627904094	47.854978504356296	11.978010650140298	12.491181425692922	22.353697155797803	47.50423274126449	29.74962380392586	45.36534704708053	47.74966226789498	15.32805993117499	9.090918723922702	9.017848013364548	3.002932559141677	12.569846820951915	-1	-1	-1
36.66809497463053	50.242222794644015	7.226481212055226	15.386315969792687	58.463671753608615	23.616970266603257	21.983474293667467	48.97272436184576	32.01811754742942	25.647475481417096	16.755845186588154	8.165087760610453	16.607349503983478	28.570543244484472	13.994674731930202	4.871346674474121	11.533883992163645	51.2102972974636	95.70625158412194	19.615789592395505	20.75833507029631	41.26436173448788	22.243128219460143	24.826138801165754	30.25483824630918	33.05207359009332	5.698571127621562	2.9634465445775597	9.091820915031978	24.575953132198315	14.45146586037168	29.474103674138306	18.861456635578314	70.67050188119146	100.0	100.0	55.92157794722101	100.0	100.0	45.597110148368316	100.0	100.0	100.0	100.0	100.0	100.0	59.68962701558421	62.86947934199884	45.59364844411474	23.69989911604132	7.278037554662019	5.113728066703998	68.99974293257424	17.746199793516322	8.97735665620353	8.304897895141192	20.445628127320333	28.041123824449123	71.37566066749584	7.797032911489516	-1	-1
15.401568070635847	100.0	21.54369054754962	4.645816278442145	22.320128860991037	15.783304686714489	17.499284061988444	11.064822813117962	8.992634425549037	12.53393299197663	23.68077907101646	34.3929763999163	17.251658642327357	35.71942143282781	29.266329647843257	34.49937723511776	51.28522638188981	38.08026196786394	35.640635262779035	7.845945029963948	35.21517147497273	28.696441668758006	7.0415027539207955	6.362341595384336	3.121069324311636	11.413454609273488	67.72165957409439	39.51658190566113	59.50190086235067	69.11080915311608	38.46290886471169	8.627500732432651	1.9522343899442276	1.8521495044216714	10.356256055071563	14.333374835970837	6.886550100772636	7.127924021050225	10.357721161676423	28.389357644456286	10.118887763106462	1.2680161634994587	0.4243768148381506	3.9161934126958977	16.88641508747388	59.70999244834821	91.05907044478779	100.0	100.0	49.85190905578373	25.36867534761521	100.0	86.35432383559665	18.046489258494862	12.516760269158036	19.410859843304262	50.36516527356065	94.07821863198913	12.638739482136781	-1	-1	-1
94.94689033704279	67.32735982388597	100.0	100.0	100.0	100.0	45.15973198324094	32.715550704785905	15.335315376345427	34.2442339726573	54.11134669016806	58.603224719957204	97.92425053408158	100.0	79.47132631843314	26.4269866854875	73.79826588876236	44.777340834801926	18.884015347369434	33.20221794290879	46.60972078290409	24.413704267106603	28.793767488296375	66.32301610736097	71.82903216034259	100.0	100.0	100.0	100.0	19.460318978435033	21.86795669482592	10.752152245793585	53.28015440028292	47.965755946782735	100.0	100.0	47.879865137502854	29.19327790116383	48.156998724050844	35.66859913872447	22.790142871138194	8.904905212644376	9.408956778533557	17.87385857691952	48.836004499930006	45.317494253000326	3.423057394897502	1.3061278587613745	2.0049569869464907	8.38572885272038	24.757723243898553	31.152971629530516	16.590427093290554	14.830768148261791	23.399133051890477	23.726114729205147	14.63693466181399	22.33740250962637	22.25307827061854	-1	-1	-1
100.0	13.349044531524449	10.822202363964593	8.837637542675868	26.85954237430012	11.975941256810398	7.783382129115994	12.515163634997398	59.92243568249045	30.119409940418684	18.702823751127827	17.94825908522082	16.48566300879482	22.034945759537695	28.87714026899574	21.870464633815235	17.450742396068705	16.005443447548572	25.34853846556481	24.105882051626356	11.358776527783576	27.704933710299695	40.73361937283099	100.0	39.21984857066938	29.898456999383352	29.930676089502438	13.182844114424341	20.375869702618285	35.25382966098111	25.29082628838732	14.07890268923006	29.708577070899878	100.0	82.98596271567699	48.204277538586766	37.567867460777265	12.392665866636039	47.794897246587624	100.0	100.0	100.0	14.854144660448888	100.0	65.22154009607858	100.0	5.55346283755267	17.839520981057433	68.56793644651388	49.5597899822263	59.863951200592275	100.0	100.0	100.0	42.36995940711624	72.93482850703874	54.29358764215233	25.513891863710807	12.315260531129697	-1	-1	-1
24.231375910254425	55.130640757637664	7.222411438651784	71.25379283576149	100.0	100.0	1.5834194370540813	4.755075357578927	12.700936063639093	30.422109222358472	100.0	100.0	45.94674158347684	13.779553104292294	27.672906728325906	7.244868214398387	3.7268910381856233	8.702396201363426	72.07836394355483	38.115177689901586	7.319730110614475	9.181096762348595	23.66412861790642	10.101774004448671	4.892492971172072	21.218256585499965	13.148621294741794	2.3474771808319344	15.36378474571558	59.51949019671921	50.26840785185124	11.243282593981823	44.053408055406976	22.730542934020068	4.715360629542909	17.170715811687565	12.608227488126731	32.88311402714412	40.68516481122669	57.53148321065794	9.695000903652174	15.334120270409365	34.31936108906042	11.33309744370689	52.87505903273728	83.76678858901485	100.0	28.314680035345955	6.928144952004426	4.70421109202105	6.763799087416309	8.934736914242455	13.097749752060459	20.41340444206843	21.195278034516924	13.398702381854514	11.301059220406007	1.7563856764071846	4.4901206454648666	29.8725426690656	-1	-1
74.02291999506288	100.0	100.0	100.0	100.0	100.0	65.93387793651715	18.123963226820486	42.14432253358598	32.86746882367553	49.230512141240986	67.55000593266094	32.59274046223594	42.83040601039077	17.0062063822032	5.382004382965821	3.3505898723868652	21.056520137074518	21.55532537669827	49.44688403439481	77.82502967336707	100.0	42.2466266861474	51.78533618576078	100.0	56.42294458316689	10.38784351405762	12.321592782442004	100.0	100.0	100.0	100.0	100.0	84.07059270541667	100.0	25.952813745017934	45.873748543748164	61.6516019050987	100.0	100.0	100.0	100.0	63.67243131109443	47.131140707455124	18.24777165058441	6.954930059644075	10.12407516704238	5.630884843938358	5.444955045140667	5.29773936984528	2.260251432565481	7.798887427469421	6.441105029268263	15.487584489556845	44.33069325184418	41.906809304740015	38.6031590959652	28.704826066958873	25.261709826070863	-1	-1	-1
2.017529546527889	8.042173903074389	5.788990874922272	6.332536145168535	3.7462604146551386	14.526696739026326	20.48892266404763	3.7391661916313574	3.7127900245695074	2.6634182581460424	8.877286708091848	6.175889793814308	10.833023696569327	20.49634924603384	46.44971796134771	66.34548310883049	44.01003525526504	63.740055444707444	14.267910031890159	32.949086161842494	63.077651277547695	21.82599140218165	16.25573940293896	17.8887087503418	13.098892108912308	10.143835515102248	20.27979645783555	59.1665999949767	17.98099434744471	12.00723037961319	15.362935928542578	31.000298240366934	14.325414195973375	5.123848032139177	3.9093823863501	5.585455174263785	11.31814917258146	10.301089965378276	14.67654232320396	29.439675655100537	40.472750009084415	89.7500029760851	50.450599312328215	100.0	100.0	77.18575711816842	33.35906544188088	21.563206155574058	2.020899531102005	6.395320448563698	7.932870823735951	3.7187747029180374	10.722596205700523	41.540109282685165	100.0	51.2459874954433	23.67233843232081	16.81176545548532	11.524628635954546	-1	-1	-1
26.375709878503557	70.34852077077947	100.0	100.0	28.342326549256537	15.998833444188614	4.455067686352417	3.524228958703887	23.823958882885133	76.25246550582573	100.0	36.58972059728297	35.00647480781194	2.113595591702299	0.2809159790887044	3.9900453724326717	21.941262544618176	8.41477449028843	19.906922655156443	59.47160510799725	39.0680775454013	23.185491064798033	21.41730192123154	5.548931590403722	4.885051996519572	15.380139104235191	25.17891364697379	16.59225846544302	8.174231650433734	4.128134103356744	14.299755271704436	14.299850332769182	60.69228735339111	35.25927756437348	100.0	30.096713384478345	11.999228801158837	39.28659850381537	30.98858127591775	21.511546747840377	24.16500260985852	10.927952549730211	6.693437229648761	6.483159962391692	39.70977129682244	35.61592797251623	32.40919638112175	100.0	25.474243878406114	45.47916961462189	40.5029085419313	44.55880260959571	48.83147522126247	15.591496458895422	26.67827448617116	20.613031277357948	9.115649322483474	7.608995999998651	63.27459781637508	-1	-1	-1
2.0428236169225444	36.62916631574049	41.385226623479355	30.81670500733314	5.547067586256983	24.519418221403967	29.563012547697998	13.903891908139702	16.791402919744893	19.49423047034149	36.86611320360476	27.45902758107103	31.440789654737294	16.965751607780252	15.989004844986253	35.07924157091363	33.684865209274754	46.594644993797516	22.337890166895804	53.256734098351394	31.54773366952298	29.59305192780921	49.0050334033443	100.0	90.69115623477117	100.0	100.0	90.1475291911353	95.47578589696637	69.54275768190355	100.0	100.0	100.0	100.0	100.0	53.34893418066505	66.16317465785713	74.51289539684474	100.0	100.0	22.397625856947926	59.23329089306415	100.0	100.0	100.0	100.0	100.0	19.97904040855259	22.672176070401846	19.974011803978623	61.48709195114345	53.252243358493836	55.89404621761858	27.33322545754025	23.057454994475158	44.99024017653935	65.58736896352211	100.0	100.0	100.0	-1	-1
80.04117657512113	100.0	67.13959705918559	63.102954456017116	39.39426153082772	23.720939593554313	13.991638820328815	17.02221344193236	19.20417451629214	37.5055233354361	42.12718382701142	71.9532936878408	36.59466518586654	80.08716047590616	25.439362347982264	10.369863260658962	7.424261088941663	7.754042981702377	6.749831831485755	2.0987805778791033	27.021150851308153	40.57887062139972	100.0	99.80896669190646	73.00555412189328	75.76691135271378	59.20804828745974	36.32219591458999	22.58349746569719	13.074735504325252	20.948298260260103	10.8307889627417	15.414693899936111	36.94377364302243	72.5190632670596	82.53542587560405	100.0	46.662760115665684	28.40778985248686	17.526849364250385	15.670709131140708	26.854015489920414	95.9359358643402	28.344657347664942	18.43356722197232	7.130224627231766	8.505509612234903	8.087874845860183	12.191962085969504	5.930163197809802	5.439450183238163	3.769773554195153	8.658611760317243	23.239356688466028	23.166252210012804	13.46369254043342	16.740700449959313	20.845525604055616	28.846904771415627	-1	-1	-1
2.573438709138666	1.4042806829254169	4.59301633074699	26.260103204378485	54.017169517742445	52.91528606353947	12.513690542481491	22.183857201036695	56.03167666830272	59.64541229410975	11.905836314183853	23.745686440745075	79.69469795039593	26.73350756437546	33.42305600984753	100.0	48.425704882525665	23.90307833376297	19.723598222707974	14.12852624575673	13.820490230337054	19.398760766226438	39.796531876428325	79.274487016851	100.0	76.35851809619595	39.133633028243956	97.24449577021815	100.0	31.270126593678388	100.0	33.11517902743862	35.90178174530459	10.610391448829601	19.41603615039967	92.24457671572462	61.03844251984473	31.753309521040023	37.346600233121656	8.451258229187554	2.227364809217651	7.107644744632656	4.069203726639653	27.163811498362282	3.9096525229510815	0.7495240098896904	16.0405117435024	46.72613327499266	16.715175138420424	14.078080959092487	25.070237234195574	18.903305888435458	32.23301322971127	43.82954998103819	47.17673781891402	42.319274278224015	18.22753308251064	5.7521779798998525	12.153419837957419	-1	-1	-1
100.0	54.08778851595492	24.482826891876297	22.119788850712133	64.77837557098317	63.48672690208852	24.710114770343726	17.52775952885556	49.70796534749864	28.042281740063924	92.37980909551209	100.0	86.87131097399097	19.807950845675464	68.73627955269106	13.894019269590851	43.53126503485408	100.0	45.009563174042405	26.305898505080897	5.542116838938142	11.561377962914078	16.626424091805067	47.91691385408336	4.31937312323888	18.788222204828	60.03230221611764	25.221054019839432	8.079043216284449	7.491431156123267	36.20197305781329	17.955751705597837	25.938747205143383	41.94328512391465	100.0	100.0	82.16411896043425	60.650952001359734	81.07530013391755	59.726455025702144	54.29981773068883	7.437108628600722	2.9700048696177097	3.9814183458745993	5.432315439468113	3.7790145776550697	19.86952882187289	40.24050627498859	62.806716688640016	100.0	75.94207836065719	97.77946168957439	91.3664247873426	21.967186553305275	6.248557155273363	57.68985064348812	13.363726058225987	22.806539085590657	2.726991103743495	-1	-1	-1
100.0	72.35183528873185	100.0	100.0	87.38914599873645	100.0	100.0	38.74328742492	49.54367211875424	7.790181901314796	12.365192086475494	27.286686464209055	43.622947473853834	37.290155083418725	43.83393418046453	73.93821190422452	58.85749011672031	40.85613235679499	14.843107854860866	15.690765619232785	16.750023326140692	29.414282241650042	51.49222037189179	29.498622741694387	55.275035694416474	100.0	100.0	100.0	23.233160121612	15.608103467223115	36.28309224614643	100.0	100.0	61.13447910635059	80.53416456379243	100.0	99.19094249997134	96.63127280173067	100.0	100.0	73.86917841645027	71.30690265698966	100.0	100.0	100.0	100.0	37.92575096048392	28.26347481629049	25.091414463514596	16.420728538179603	31.746412548858412	71.23683741062659	40.85623014193254	44.763187200067534	33.476845164817824	70.76733476506483	55.16629272496567	72.40481628987214	100.0	41.82024659005782	-1	-1
83.71454338117577	100.0	100.0	32.565420456368244	23.76165340483043	56.956286466298195	96.46004627333338	15.888820081430117	12.526673350493489	61.77676131244049	100.0	100.0	100.0	100.0	100.0	100.0	47.286832050173516	52.450759869914705	12.37381339957893	11.916101801134003	94.70277627033349	100.0	100.0	46.575925433651655	85.05404248748923	100.0	24.068484498503604	42.528373246676956	80.20758074430857	100.0	90.48005516047223	100.0	56.64485501469597	45.30364680677866	76.64437323025113	100.0	100.0	100.0	52.80389878759898	6.0111084413536515	5.119758998588381	11.996179597018253	11.339245017956532	14.490146922866726	8.67483230814731	2.1193350539052993	4.779309539665442	9.370389858078711	9.881389267782025	36.821306934735844	100.0	97.86741371335201	65.71039831563665	32.193285421562905	46.6614198087439	18.51910639903484	5.469624742388209	13.201045666835347	6.239350941406494	-1	-1	-1
36.24119898831416	100.0	100.0	14.847254911461915	14.320409898701527	12.10231592027533	12.560575133880254	13.661171071508193	12.434293856024185	53.68623213521663	59.992315680900234	21.271579643662054	9.417630726309756	8.557573937622635	5.0983242625683305	4.356730340581376	2.862494586778181	4.0213626782829	20.111831241142653	100.0	100.0	100.0	100.0	75.36977245352794	89.38846812073011	34.253798270374574	30.82774249982807	22.23810613635122	100.0	100.0	59.34958795692292	10.085322942529041	4.051324465236782	16.545155308090898	33.598237820356395	26.580673628205354	2.7955641489973115	4.193631484886073	43.852459447318395	27.999815487277438	33.74844389326664	100.0	100.0	100.0	35.733991946101604	6.097224201320441	22.842031234748525	6.862776930022123	3.917750494085546	2.683781179212745	9.503988918403657	12.797343756939302	11.861053342707164	18.170750769066544	13.700343267164822	9.10561074008159	11.773186902929728	9.817235016370995	5.363845380065372	-1	-1	-1
15.945103559494491	100.0	100.0	100.0	100.0	100.0	71.00516131842795	100.0	100.0	41.54234778210555	16.99287338400855	15.925033516088305	8.709427343205506	55.15936176772844	100.0	34.9350304362934	82.85974977836835	25.39038427032041	100.0	100.0	36.30362442088453	6.592289917378426	13.317704924473917	49.615806294301414	53.287202659043	87.95108320528414	37.86619155824335	22.100634180614406	15.483038542717374	19.466124015344462	6.720119692481803	17.531880096857194	10.613351584692015	6.3532194408222065	3.6082552721507284	0.7855728408460377	1.0859905449979121	3.6406203553497423	21.235904601219094	9.237277637072825	8.746566555960188	8.261004469249652	9.224768061424337	7.4573199657505285	4.303601891237128	3.633327711757555	3.624243952622481	15.512583621725561	5.06801730647456	3.849818215368988	7.908678489241736	9.345604173543906	17.62478342294964	46.9042898011493	15.90359545964557	10.635066417472824	9.52762523482076	3.2496192998760787	19.09422097600252	-1	-1	-1
57.08740421801282	2.7580666043753093	7.693429797094358	3.4526353756756887	1.1822627288502259	2.7531451561463096	8.76625707043001	59.06070793760073	35.79279146461761	19.279634897389702	19.438698876952582	6.706124863060735	15.596964093249728	58.04181309906552	53.17653511473505	100.0	100.0	69.32243450674183	100.0	24.477636500866446	9.814220440321286	12.341963391986658	4.2072303561570985	1.2819287331098363	4.0267534936427625	8.726992714272644	14.01651363336072	18.446013207827473	18.92151124328376	9.540117924971614	11.765772329459221	24.541459700211735	30.262213082222573	51.24585700843926	81.52936588296639	10.377646548032343	1.047479514301388	13.629098266978852	93.87151075594663	68.12962628781348	13.746778568873097	25.33524570064299	40.960042329251785	100.0	63.268140031143446	4.7056385659518005	23.851000761671525	10.671852860306718	6.737597424372409	73.13085010192381	41.21633514020413	22.245119145255785	6.76155653584714	6.773195912019331	2.005416594104404	11.610022864150181	7.792278994412023	4.390389846311504	6.108227239441544	6.3502598658797105	-1	-1
8.486596349651819	4.8279901809300645	42.75208930823646	100.0	54.290019515032505	4.500287043821055	21.45315588891121	49.674467881853886	68.36297287402763	52.05825631279969	100.0	48.77358577018901	54.15950193326776	71.10653244515888	47.62045465599019	3.4346128836405136	4.176552378368635	100.0	100.0	100.0	45.04614276552039	11.870000085377688	49.77181222433226	12.333478055246834	45.874377048562906	17.774944117461633	25.425642252701934	38.92156524951757	18.511127446264044	38.07326079876464	32.43990959486488	74.93491146865011	70.27407013569918	22.510630017115307	22.981801476838307	26.154594774946435	23.570970077856785	52.177784014049514	66.32457813038276	100.0	100.0	100.0	87.56269851115634	45.95474548315865	9.560722152467207	5.383173028191722	3.2521124291821493	8.594515881117575	5.5778309681336	7.476735903024524	15.002734584015805	12.917728836740677	3.1537489331899122	5.239431439827496	3.6136814837550792	13.669710335522938	31.130967340739332	8.178152405207868	3.4401630871534605	-1	-1	-1
49.307478055581086	22.08255382932928	11.969807999907799	7.648926876520575	6.250518532490272	6.029510999716561	5.9188711187417615	10.154976815603405	10.789418638150536	22.197169009883492	36.28855112286623	36.52251989703893	26.970058830263994	20.097910101998888	53.536409399134875	11.51676990998263	9.107572421958029	40.420690964563654	25.350166690164293	13.870151639601437	23.41463194713127	41.831972207375415	31.39110271012379	13.299851121712937	26.444025320692347	60.88443812101105	100.0	100.0	100.0	100.0	74.55270452693081	42.02414858158363	75.35518566104673	21.335322659113835	58.240074305559645	100.0	100.0	37.079618126909416	22.184280709735802	15.050884512439188	19.659577312616268	58.60923702826008	20.757602860645797	10.504734013601102	30.916817679618404	11.976886794999741	2.234912375381125	8.111058212297646	15.076690872778544	10.344263648236602	17.299881444501416	45.285141249202134	66.85668642680433	38.02461763665895	32.058871832308874	38.06122152127323	33.84886973124973	33.51465436947692	14.226095982172431	-1	-1	-1
4.4042613210297805	4.990173258599307	9.050514398221761	6.640354005909267	100.0	100.0	100.0	45.1374484153799	100.0	85.20877098820345	100.0	83.85392258712302	21.06955993559668	5.916461179700387	3.1270934254851093	2.5749597775402995	1.6432202395199664	7.698128462615326	25.738461959000706	16.545594660387028	28.40765873028471	18.151858971279683	22.5057024468595	16.990991140449776	45.84128274109545	15.592521551041793	10.215340371067382	15.21469530522518	4.262953275385625	5.038054304640535	4.734822959273165	2.5315914753818607	3.7952123972135823	2.337913820949711	2.740250706059684	35.853661417232075	15.617911416381416	21.597468980910037	16.51250729317296	20.562081028018135	25.556074392655944	73.35048600012061	38.27014812392001	10.213492543061538	23.67774798507544	4.935489662305808	5.938678077738596	19.85569928505636	32.48496397226728	12.122470637873915	13.378429936336143	22.303339176784682	30.531781159150345	31.680628122096486	35.38886931009838	100.0	100.0	9.784030897294436	3.21410541864447	-1	-1	-1
